	MMS930	MMS925	MMS911	MMS920	MM933M	MMS922	MMS910	MMS923	MMS715	MMS714	MMS717	MMS716	MMS711	MMS710	MMS713	MMS712	MMS944	MMS921	MMS942	MMS943	MMS908	MMS909	MMS928	MMS929	MMS900	MMS901	MMS902	MMS903	MMS904	MMS905	MMS906	MMS907	MMS919	MM943M	MM941M	MM936M	MMS706	MMS707	MMS704	MMS705	MMS702	MMS703	MMS700	MMS701	MMS708	MMS709	MMS917	MMS939	MMS938	MMS916	MMS931	MMS915	MMS932	MMS918	MMS914	MM9362CU	MMS913	MMS890	MMS891	MMS924	MMS912
MMS930	0.0	0.750736992063	0.793984718004	0.699257192826	0.927651186452	0.663003344987	0.802203918839	0.727693706245	0.839566850807	0.812317839696	0.584086428791	0.705757709101	0.736725075939	0.723876860708	0.78100973743	0.860663084965	0.557532767083	0.77851767553	0.671087800794	0.787302704427	0.597346146983	0.726563291788	0.647281910068	0.503211521851	0.764432749528	0.781380964207	0.707982362562	0.646792736251	0.615554024651	0.641234242936	0.675062476386	0.631730661751	0.673755187703	0.983178152006	0.9474890573	0.88031178906	0.674941140867	0.810033160793	0.731213886036	0.751142176972	0.799989330173	0.813813488788	0.766161463371	0.781817949014	0.812031569631	0.699682843574	1.02686082553	0.580449755657	0.587320969745	0.603166402892	0.58141192082	0.734887434051	0.571212182856	1.05273789666	0.727072780841	0.628322359436	0.6132981067	0.494034631728	0.641089520129	0.797856896244	0.650725020157
MMS925	0.750736992063	0.0	0.8026972789	0.654543841733	0.868469277247	0.601393020799	0.849638038511	0.645861224098	0.864667632161	0.764730199124	0.629767488024	0.719122471926	0.579607707218	0.704534986159	0.660230322506	0.913934909261	0.735953702567	0.675334103326	0.775902094996	0.815774549183	0.682691643772	0.828865079804	0.637404090439	0.645836104242	0.682879247983	0.801327138356	0.808835394301	0.694636801375	0.670191175768	0.66897106554	0.700745492046	0.649350196849	0.667596480193	0.960966875966	0.913927091541	0.890700214007	0.72096450013	0.864296572271	0.668708601062	0.73707993287	0.65971997978	0.868935376974	0.722483825835	0.613933201057	0.745599186355	0.65643080433	0.906176979868	0.695490752322	0.744239865287	0.663353973781	0.76010151802	0.79094329035	0.734684547924	0.89402046592	0.751482591334	0.736548492927	0.663235013677	0.690370995361	0.719213155118	0.624350052506	0.643656067859
MMS911	0.793984718004	0.8026972789	0.0	0.770912541709	0.984940182283	0.784621016607	0.605010243296	0.755425586408	0.706206714831	0.722263070782	0.73136816872	0.736171888355	0.798283147696	0.843085058536	0.833900687696	0.628982027726	0.771827456515	0.822498615595	0.842439360587	0.706436478452	0.790432708511	0.622835210253	0.803069387337	0.799839755844	0.837417698983	0.776249036994	0.676217985598	0.72274277519	0.730961454269	0.656112688095	0.834636671703	0.805317746631	0.736667707935	1.0179289161	0.939176688454	0.939398359432	0.758644679151	0.769014253375	0.843714698404	0.746973596663	0.882408003445	0.606640164771	0.84382626175	0.895563437126	0.935606054145	0.789103101082	0.820917049605	0.78093204076	0.711989314657	0.718534262918	0.781435830401	0.753028347	0.816583742983	0.93378180549	0.794819963541	0.818082616735	0.717024461102	0.782737103174	0.779517908446	0.897413167547	0.768680987603
MMS920	0.699257192826	0.654543841733	0.770912541709	0.0	0.9080911678	0.635653199964	0.862790790126	0.583997260576	0.809213999542	0.713691382266	0.636878464506	0.673691190352	0.657267698559	0.690575112985	0.711336333334	0.904484531169	0.644945000008	0.565993047586	0.795684196764	0.800585548739	0.655730569486	0.831035963643	0.716611260481	0.692866225002	0.783634673085	0.826167375807	0.778145025877	0.736663153395	0.712887080813	0.672423336452	0.703995181485	0.68735108619	0.682293872197	0.898715705963	0.856466056968	0.870037256105	0.737601870174	0.864722993011	0.769725316805	0.725036070265	0.696025637836	0.861456780198	0.721605057858	0.759710642804	0.818563732672	0.647247944548	0.878436617126	0.634501078515	0.727328287195	0.631043585304	0.735884803153	0.78074771997	0.723009428808	0.922266238053	0.749733544392	0.761977380163	0.630245404361	0.676866074338	0.70547918038	0.722739190625	0.673925416353
MM933M	0.927651186452	0.868469277247	0.984940182283	0.9080911678	0.0	0.864866927919	0.984274734197	0.904531489718	0.980558888594	0.936671509728	0.899289636695	0.927291429837	0.89299662451	0.867658671741	0.908376290009	1.00784038737	0.901595353437	0.894254821363	0.896824256431	0.942180939327	0.896041781228	0.991043829961	0.91065764596	0.884836357237	0.88249571501	0.980826756807	0.971535560983	0.91063209561	0.878647785698	0.873179468101	0.915816595418	0.847648825885	0.883975484038	0.858790312363	0.913020244953	0.842442434065	0.918746604911	0.988795822829	0.901176409953	0.928855757175	0.890998973873	1.01416915934	0.935735379408	0.861765916882	0.908382897033	0.935425044465	1.06661261957	0.906326373346	0.928016957585	0.888476823759	0.838525955149	0.896291120574	0.879631600228	0.970795964024	0.942622588912	0.847980828463	0.89530548159	0.87641606789	0.882108997284	0.959100535967	0.878676190205
MMS922	0.663003344987	0.601393020799	0.784621016607	0.635653199964	0.864866927919	0.0	0.86385749503	0.576173975353	0.805157187901	0.721858420762	0.604245130735	0.728943599467	0.625867538676	0.592125338771	0.694757717187	0.900229280747	0.684739884853	0.627023346785	0.750098136879	0.787350229142	0.645390561567	0.819722613593	0.681305635688	0.634878299037	0.747333338648	0.79373616179	0.773986044108	0.701697848567	0.659483664558	0.647837824561	0.654895825387	0.617936948288	0.637551412178	0.928092347018	0.923793089257	0.884086886234	0.685200049605	0.851099092738	0.691240630644	0.741543078998	0.658671151229	0.847622105872	0.659736356468	0.638567332481	0.762520986028	0.582554383112	0.900287657233	0.666645262296	0.735709017488	0.620615565864	0.708049440461	0.763769380059	0.694338472209	0.876881084262	0.693892888715	0.701592596779	0.620148579891	0.662518404322	0.688179504894	0.669413416566	0.617251327045
MMS910	0.802203918839	0.849638038511	0.605010243296	0.862790790126	0.984274734197	0.86385749503	0.0	0.82478800972	0.765030045052	0.830819577445	0.799874209495	0.743137664213	0.874949873186	0.891441547262	0.907959237242	0.5869992357	0.801928393053	0.88510089482	0.826826109009	0.71321191048	0.829553524781	0.5620687629	0.837762016354	0.783297291996	0.8807872114	0.818194708447	0.668142614847	0.723658740643	0.768290397802	0.725080292478	0.847152796866	0.839444352157	0.801594214561	1.04343391493	0.977389122856	0.942147141056	0.744477660103	0.790019069275	0.851210796062	0.787863381141	0.926370772466	0.521733551334	0.927884687158	0.9511079378	0.970434564988	0.854649850001	0.929602356745	0.805081424331	0.683109587737	0.786617567055	0.793550361333	0.769471424864	0.817152417512	1.00549293802	0.837272641463	0.84498199029	0.786884473445	0.803782654743	0.809655202161	0.942238027607	0.833338684132
MMS923	0.727693706245	0.645861224098	0.755425586408	0.583997260576	0.904531489718	0.576173975353	0.82478800972	0.0	0.775677082545	0.73299317215	0.652981236642	0.670553338716	0.632236638778	0.647762259614	0.729918742742	0.901912963071	0.67838067478	0.603114092085	0.751656503839	0.807394927441	0.684306446354	0.81423274747	0.697283355003	0.664787576871	0.685975883895	0.765141203116	0.759467551135	0.714204720083	0.67570160348	0.673246983835	0.648317576526	0.628427172016	0.612674785309	0.922418250029	0.905350310684	0.869819094752	0.70607545811	0.829359424734	0.74014945231	0.727994211635	0.636434260107	0.845584229762	0.644405734407	0.726125250015	0.736263632662	0.627831182507	0.871437033571	0.694250866468	0.741064227051	0.645306548494	0.744083234078	0.778179371918	0.718243608762	0.851067409431	0.781774936674	0.764225218474	0.668603541167	0.675245663011	0.72832293101	0.68385679584	0.682272104574
MMS715	0.839566850807	0.864667632161	0.706206714831	0.809213999542	0.980558888594	0.805157187901	0.765030045052	0.775677082545	0.0	0.77330685821	0.798013577606	0.69080531233	0.842297717344	0.784275874298	0.825473823582	0.803651411134	0.816872697448	0.772102211354	0.860773920929	0.846293139151	0.820298113506	0.795755782998	0.845372597276	0.829049721156	0.844718444228	0.688030961419	0.58027688538	0.75637736368	0.749869020106	0.681990232747	0.858149002191	0.79711289074	0.802104887741	1.00001278281	0.988205302719	0.930640756382	0.775138242745	0.690425359102	0.813093801071	0.7775941166	0.908659709215	0.833235545812	0.88717021322	0.917099461937	0.920847884068	0.829128871108	0.803610641679	0.852969175292	0.791112301506	0.759400682377	0.791172842628	0.736757427493	0.822275619021	0.9382084698	0.807754701955	0.847879316986	0.798002559611	0.825715281149	0.842222140535	0.928038289009	0.828575103706
MMS714	0.812317839696	0.764730199124	0.722263070782	0.713691382266	0.936671509728	0.721858420762	0.830819577445	0.73299317215	0.77330685821	0.0	0.70164101613	0.797746445777	0.750841334797	0.790930710593	0.755124289692	0.864183265291	0.781800568328	0.787981356318	0.855668725411	0.8221039893	0.75164298825	0.886937806721	0.786275312465	0.781702153732	0.829734884693	0.831883051032	0.772896019086	0.777417702418	0.78563749663	0.684572816378	0.814157780349	0.786297232607	0.786253183563	0.979688659709	0.938931354476	0.889310235369	0.770429595556	0.859071709972	0.803104131695	0.662356867121	0.859135960421	0.854071753046	0.833274578143	0.848936162631	0.859511749906	0.661813838395	0.668703806077	0.739050820021	0.796008928805	0.689058166547	0.830246501398	0.775982804553	0.765856098363	0.917160369709	0.751103047921	0.836752026735	0.714227718363	0.766649013562	0.778298272155	0.850982468515	0.760702637835
MMS717	0.584086428791	0.629767488024	0.73136816872	0.636878464506	0.899289636695	0.604245130735	0.799874209495	0.652981236642	0.798013577606	0.70164101613	0.0	0.651522589033	0.642852371453	0.673497276857	0.699883213261	0.868162781874	0.570027145101	0.696936512544	0.670992413682	0.786700331388	0.511371503737	0.767986219248	0.594464983826	0.550066618169	0.722279732994	0.74750108482	0.667339236136	0.65091695546	0.579703869831	0.55371869662	0.624786974159	0.620831878358	0.622894554645	0.919705455286	0.887850535528	0.807303787402	0.68694388573	0.778949811755	0.717665840543	0.696190621007	0.735293535144	0.818496316308	0.698329439061	0.715688334729	0.743358459371	0.612337523052	0.924506566834	0.537558670691	0.627732910566	0.515128264214	0.628761370658	0.745826563435	0.592918662415	0.939422867332	0.689271872035	0.667182364424	0.523995358116	0.507631581814	0.579219806366	0.728439218005	0.579085156643
MMS716	0.705757709101	0.719122471926	0.736171888355	0.673691190352	0.927291429837	0.728943599467	0.743137664213	0.670553338716	0.69080531233	0.797746445777	0.651522589033	0.0	0.746067643941	0.730195960203	0.755402051857	0.81718865994	0.675769178413	0.70762058324	0.76271087921	0.781938528117	0.657871324965	0.756006086119	0.738137418765	0.663368247317	0.748104965468	0.686000838578	0.614365869635	0.665923258428	0.630444438897	0.557722357035	0.701972222525	0.707401496462	0.663107715957	0.97528253382	0.888669200212	0.89345948627	0.645116964365	0.617390965349	0.741723645335	0.745982617024	0.793781069091	0.764313055656	0.755853287383	0.806691710115	0.871019654581	0.705806626064	0.920333014151	0.700123374787	0.686515632706	0.631677190182	0.704068936016	0.761123565088	0.688667101661	0.940143181048	0.76296457004	0.747034515308	0.653729088892	0.66452705866	0.722903231545	0.809059763958	0.709255466292
MMS711	0.736725075939	0.579607707218	0.798283147696	0.657267698559	0.89299662451	0.625867538676	0.874949873186	0.632236638778	0.842297717344	0.750841334797	0.642852371453	0.746067643941	0.0	0.619910695579	0.594921490316	0.909739928474	0.763514230144	0.685888946479	0.797946429684	0.82541947963	0.732191033997	0.831559458898	0.67769058388	0.679658722838	0.716346218034	0.842194092141	0.807486521761	0.691453084088	0.714567224299	0.674404327236	0.683064749477	0.66909315256	0.655581240325	0.898877365603	0.856524645537	0.847443278153	0.726274824619	0.858288146833	0.661372851489	0.696269677468	0.546981298772	0.870117254888	0.72920790399	0.584450864418	0.732524285218	0.65870247271	0.905791635962	0.70252948745	0.770725243806	0.655428750245	0.781609706824	0.787496263754	0.776850911413	0.869496088231	0.680426684538	0.719111374588	0.64591212472	0.717793486414	0.74878492675	0.542978097604	0.581894652363
MMS710	0.723876860708	0.704534986159	0.843085058536	0.690575112985	0.867658671741	0.592125338771	0.891441547262	0.647762259614	0.784275874298	0.790930710593	0.673497276857	0.730195960203	0.619910695579	0.0	0.659334987685	0.935448107297	0.722279186213	0.624594431395	0.7871284335	0.794923795988	0.692516507975	0.858625010611	0.74107442405	0.674497134338	0.756266558969	0.776974238442	0.766100548629	0.689792521917	0.672216269898	0.640369637848	0.707748649933	0.650126187483	0.632261742933	0.844960948501	0.905706159398	0.874043722977	0.725908263676	0.834835156062	0.691233951902	0.743925213312	0.656402110296	0.908194075051	0.717086287055	0.632237078375	0.76542327287	0.683298750316	0.953952712304	0.705662963422	0.757327951195	0.685638797199	0.74453580179	0.781306921494	0.727972763703	0.879945187536	0.698610882769	0.724145536853	0.690838719654	0.686157081383	0.731372044032	0.667900857708	0.641180462093
MMS713	0.78100973743	0.660230322506	0.833900687696	0.711336333334	0.908376290009	0.694757717187	0.907959237242	0.729918742742	0.825473823582	0.755124289692	0.699883213261	0.755402051857	0.594921490316	0.659334987685	0.0	0.886836824806	0.786842387483	0.66591333755	0.830446807321	0.825540892379	0.716053831471	0.846184423433	0.713829237687	0.727355464624	0.728789050338	0.800973723754	0.794256286191	0.691674404289	0.760113197745	0.668951710863	0.777106657222	0.673071710949	0.737911007218	0.966144996908	0.875602178631	0.888638148534	0.745896075323	0.850115088412	0.682254914931	0.811243013682	0.638402937779	0.934469049791	0.803449391048	0.650605515297	0.740565677947	0.752229437318	0.883801612855	0.740869914016	0.79642817984	0.716756376938	0.796985561159	0.842476439896	0.727127435085	0.912459476812	0.634746572394	0.756959075247	0.675742398907	0.732661932755	0.755204622498	0.659950320085	0.629964637037
MMS712	0.860663084965	0.913934909261	0.628982027726	0.904484531169	1.00784038737	0.900229280747	0.5869992357	0.901912963071	0.803651411134	0.864183265291	0.868162781874	0.81718865994	0.909739928474	0.935448107297	0.886836824806	0.0	0.857700830714	0.916907662539	0.89213745946	0.584833809558	0.899257537744	0.670720996219	0.884184602052	0.797039346629	0.925963523757	0.832817884418	0.753603918502	0.785601238251	0.820634838342	0.787774522245	0.901783243984	0.865589737926	0.865058778879	1.03715143618	1.00366558306	0.997538571134	0.76473557398	0.793701510334	0.886946510385	0.862710639151	0.964851155732	0.640087724123	0.963759323976	0.973512140256	0.980583432365	0.889521080615	0.96360380323	0.848896510288	0.812516535696	0.852527421226	0.850682181729	0.846107882501	0.887462935433	1.04203435737	0.809946340975	0.889762206317	0.833649418085	0.879493007674	0.861723106833	0.978256946377	0.858124978646
MMS944	0.557532767083	0.735953702567	0.771827456515	0.644945000008	0.901595353437	0.684739884853	0.801928393053	0.67838067478	0.816872697448	0.781800568328	0.570027145101	0.675769178413	0.763514230144	0.722279186213	0.786842387483	0.857700830714	0.0	0.717712037339	0.709926230818	0.76698375125	0.584058642296	0.764903820827	0.647243890409	0.564375337745	0.757816368816	0.748770149516	0.718169789662	0.663870915899	0.616026760781	0.635699075916	0.662087524931	0.655490188057	0.656304909766	0.937210932078	0.950313622401	0.874033631755	0.703424858044	0.780076975354	0.720805357149	0.726518431891	0.795343640775	0.816901372613	0.770068171434	0.771611824493	0.806941048966	0.699326431552	0.983934002508	0.564617510199	0.629720851184	0.588369561461	0.626697783973	0.760516340867	0.585392837209	1.00327892397	0.75432991938	0.681484255668	0.609346304456	0.538650337795	0.612857786489	0.780110696295	0.68100145432
MMS921	0.77851767553	0.675334103326	0.822498615595	0.565993047586	0.894254821363	0.627023346785	0.88510089482	0.603114092085	0.772102211354	0.787981356318	0.696936512544	0.70762058324	0.685888946479	0.624594431395	0.66591333755	0.916907662539	0.717712037339	0.0	0.811226756894	0.806676507328	0.73741098044	0.863646176425	0.764401336299	0.757556530789	0.78915700726	0.789539868547	0.798683473493	0.750255009809	0.734237739505	0.701640171335	0.761731383859	0.723058806216	0.722652768806	0.883275516471	0.930633981802	0.868810459921	0.777109866449	0.845491979268	0.736398044049	0.792926491001	0.705634039686	0.885594863817	0.779918526128	0.697040974012	0.813821171857	0.692639625253	0.891593679547	0.698457959584	0.800522734297	0.722893184644	0.802885274555	0.825877521669	0.77117562054	0.943293939342	0.736705636528	0.78767045802	0.700376104826	0.753907174365	0.74830997921	0.723739184628	0.687917103613
MMS942	0.671087800794	0.775902094996	0.842439360587	0.795684196764	0.896824256431	0.750098136879	0.826826109009	0.751656503839	0.860773920929	0.855668725411	0.670992413682	0.76271087921	0.797946429684	0.7871284335	0.830446807321	0.89213745946	0.709926230818	0.811226756894	0.0	0.852754169611	0.707078118567	0.826762747223	0.740511560818	0.663362166113	0.759813543315	0.823008963445	0.749146595668	0.735705300838	0.695716286995	0.734049985968	0.746246610344	0.714869544895	0.752546950607	1.00265285089	1.01080410508	0.945793392447	0.737290232723	0.852058271261	0.787227508786	0.779772157824	0.811457302044	0.847784516457	0.818504859146	0.821413793802	0.851604606541	0.810110861432	1.04914611102	0.693894137251	0.699858015462	0.675269973976	0.671981656627	0.74443206376	0.613306177153	1.03477323801	0.78501651673	0.717646918753	0.6935417692	0.656478561554	0.702663951432	0.819876935857	0.713978961353
MMS943	0.787302704427	0.815774549183	0.706436478452	0.800585548739	0.942180939327	0.787350229142	0.71321191048	0.807394927441	0.846293139151	0.8221039893	0.786700331388	0.781938528117	0.82541947963	0.794923795988	0.825540892379	0.584833809558	0.76698375125	0.806676507328	0.852754169611	0.0	0.790592770045	0.766225526793	0.800486135742	0.707387784284	0.872885514549	0.835024274212	0.757377131253	0.745240896805	0.762642648077	0.719946563816	0.815107933006	0.810765853476	0.806875315574	0.880883890497	0.973128017885	0.972583053713	0.717079411046	0.842253198849	0.798903842303	0.830009437591	0.887039016968	0.763246617824	0.888136657728	0.889224113578	0.913743483731	0.835166105008	0.964460858361	0.761714799014	0.768401610568	0.76221576368	0.775168682874	0.843647107978	0.78530065564	1.02756237672	0.823709577142	0.83314899622	0.744795971008	0.76264427089	0.784036245848	0.894348160047	0.797990073413
MMS908	0.597346146983	0.682691643772	0.790432708511	0.655730569486	0.896041781228	0.645390561567	0.829553524781	0.684306446354	0.820298113506	0.75164298825	0.511371503737	0.657871324965	0.732191033997	0.692516507975	0.716053831471	0.899257537744	0.584058642296	0.73741098044	0.707078118567	0.790592770045	0.0	0.800993163153	0.607578505887	0.574061059164	0.716456675389	0.773091045011	0.669184218396	0.65874935965	0.589582553393	0.564439849445	0.603292080854	0.635299231513	0.645588960341	0.930420965399	0.917762365266	0.812250915479	0.671160487503	0.784704938861	0.707336380215	0.717552140132	0.792704371666	0.864516810157	0.726023915881	0.767797179813	0.739767851815	0.60665053721	0.928793693465	0.576481700318	0.637064220495	0.60627152571	0.674831799353	0.772271813995	0.588586314169	0.942201730733	0.734092672701	0.729781070924	0.570477760246	0.538215097591	0.629177045776	0.798351444993	0.62726232148
MMS909	0.726563291788	0.828865079804	0.622835210253	0.831035963643	0.991043829961	0.819722613593	0.5620687629	0.81423274747	0.795755782998	0.886937806721	0.767986219248	0.756006086119	0.831559458898	0.858625010611	0.846184423433	0.670720996219	0.764903820827	0.863646176425	0.826762747223	0.766225526793	0.800993163153	0.0	0.799684142961	0.722879035293	0.808700630935	0.789648774492	0.729439751911	0.66879681234	0.71379131004	0.681172295933	0.815804367395	0.808530748695	0.758596606312	1.01407159609	0.965366886442	0.944773767228	0.711973504351	0.772111098279	0.818423810663	0.829037375247	0.869004284055	0.547159669294	0.865605523693	0.902939328188	0.940327117057	0.832795742091	0.980973234414	0.744033068617	0.695655677602	0.779971224171	0.752148748482	0.76795388994	0.781255083813	0.999136749183	0.83472426622	0.797488056349	0.739381658329	0.76238670178	0.781821593813	0.904199307168	0.738910720221
MMS928	0.647281910068	0.637404090439	0.803069387337	0.716611260481	0.91065764596	0.681305635688	0.837762016354	0.697283355003	0.845372597276	0.786275312465	0.594464983826	0.738137418765	0.67769058388	0.74107442405	0.713829237687	0.884184602052	0.647243890409	0.764401336299	0.740511560818	0.800486135742	0.607578505887	0.799684142961	0.0	0.536640597069	0.742159129118	0.785338338175	0.766231554056	0.703503542986	0.654248417972	0.63680375026	0.645510545857	0.604457387952	0.633457532904	0.958018434013	0.867635229366	0.826975824071	0.726283354258	0.836667709196	0.61784674166	0.721124809087	0.770871756719	0.851874155695	0.743027863528	0.745339140337	0.707040707671	0.649950846746	0.906313594082	0.625961666855	0.674687114246	0.624062534572	0.685412856061	0.772772856983	0.625567564787	0.942631765817	0.759465346231	0.705459424822	0.6559616283	0.561718658438	0.660990997073	0.74356135112	0.607367076926
MMS929	0.503211521851	0.645836104242	0.799839755844	0.692866225002	0.884836357237	0.634878299037	0.783297291996	0.664787576871	0.829049721156	0.781702153732	0.550066618169	0.663368247317	0.679658722838	0.674497134338	0.727355464624	0.797039346629	0.564375337745	0.757556530789	0.663362166113	0.707387784284	0.574061059164	0.722879035293	0.536640597069	0.0	0.702257770486	0.732518636499	0.681635898885	0.596491018863	0.594308470893	0.595227960883	0.56060783274	0.576160190313	0.583587023319	0.938496733333	0.89201274651	0.831404669315	0.604766821808	0.750288658374	0.686253678421	0.708838516923	0.760116794424	0.805401427082	0.659240264964	0.708067416967	0.739621345351	0.615687801586	0.973475956275	0.559030832598	0.61971593671	0.579803066016	0.619966923685	0.714745120935	0.565265310629	0.929697286699	0.698465197431	0.655205603713	0.582700903282	0.496151858869	0.62939273517	0.72869025951	0.568258479577
MMS900	0.764432749528	0.682879247983	0.837417698983	0.783634673085	0.88249571501	0.747333338648	0.8807872114	0.685975883895	0.844718444228	0.829734884693	0.722279732994	0.748104965468	0.716346218034	0.756266558969	0.728789050338	0.925963523757	0.757816368816	0.78915700726	0.759813543315	0.872885514549	0.716456675389	0.808700630935	0.742159129118	0.702257770486	0.0	0.78855970389	0.788693167679	0.681333554443	0.658090525906	0.642049819498	0.70514092215	0.68388260683	0.690477361486	0.988321949096	0.968194058396	0.89338631859	0.671953812473	0.798137892226	0.69649600095	0.781194937599	0.705478692366	0.882695793114	0.710252377233	0.734987363577	0.629901007249	0.749575892044	0.944125296088	0.762880340949	0.777468020122	0.736288941092	0.755422843639	0.772398489829	0.740365265629	0.843039859189	0.823132296461	0.799211346756	0.710900583947	0.766663594472	0.763038728609	0.749261338089	0.694389563341
MMS901	0.781380964207	0.801327138356	0.776249036994	0.826167375807	0.980826756807	0.79373616179	0.818194708447	0.765141203116	0.688030961419	0.831883051032	0.74750108482	0.686000838578	0.842194092141	0.776974238442	0.800973723754	0.832817884418	0.748770149516	0.789539868547	0.823008963445	0.835024274212	0.773091045011	0.789648774492	0.785338338175	0.732518636499	0.78855970389	0.0	0.662906193962	0.658421054543	0.69740929745	0.653048385177	0.793194749131	0.746641959696	0.742301540706	1.04365502869	1.00764678551	0.92603804944	0.699350889433	0.58654320576	0.800580050092	0.81236134045	0.893625491413	0.850517945472	0.845760304684	0.86441482782	0.876429437027	0.827802941085	0.912958639631	0.780902587627	0.744945577376	0.75293694712	0.766167594739	0.776461243167	0.784211567087	0.992576858009	0.77730656912	0.831988416799	0.758764044227	0.765346604262	0.782562400877	0.904346438542	0.772757149577
MMS902	0.707982362562	0.808835394301	0.676217985598	0.778145025877	0.971535560983	0.773986044108	0.668142614847	0.759467551135	0.58027688538	0.772896019086	0.667339236136	0.614365869635	0.807486521761	0.766100548629	0.794256286191	0.753603918502	0.718169789662	0.798683473493	0.749146595668	0.757377131253	0.669184218396	0.729439751911	0.766231554056	0.681635898885	0.788693167679	0.662906193962	0.0	0.636013498052	0.639855095595	0.592647839336	0.753647581142	0.743528186169	0.724636923299	1.02066944827	0.983407051924	0.89533230962	0.67428482233	0.662822162302	0.785851265621	0.764033976939	0.872908096275	0.774628620364	0.82936819621	0.866771970727	0.883620619438	0.764341685043	0.896929986288	0.697041379348	0.638032776509	0.659599674593	0.702157804033	0.736358107369	0.696095874352	0.98933311555	0.751623856106	0.760591348939	0.694455219878	0.672192974864	0.714710025066	0.890530723875	0.767485475828
MMS903	0.646792736251	0.694636801375	0.72274277519	0.736663153395	0.91063209561	0.701697848567	0.723658740643	0.714204720083	0.75637736368	0.777417702418	0.65091695546	0.665923258428	0.691453084088	0.689792521917	0.691674404289	0.785601238251	0.663870915899	0.750255009809	0.735705300838	0.745240896805	0.65874935965	0.66879681234	0.703503542986	0.596491018863	0.681333554443	0.658421054543	0.636013498052	0.0	0.549375682833	0.542044584674	0.690358323847	0.645464643808	0.620137109147	0.968985761433	0.909604716087	0.855942644787	0.623923198789	0.65447141549	0.685656120332	0.706994555761	0.765411378188	0.741625473218	0.729364961037	0.704751172702	0.800253152744	0.71363443576	0.944093048068	0.634073972452	0.63304483216	0.645632996393	0.654213483134	0.726942838127	0.648687854076	0.915821418306	0.68985601554	0.658224700145	0.56301013773	0.650328498465	0.657700750601	0.748385719203	0.594073587421
MMS904	0.615554024651	0.670191175768	0.730961454269	0.712887080813	0.878647785698	0.659483664558	0.768290397802	0.67570160348	0.749869020106	0.78563749663	0.579703869831	0.630444438897	0.714567224299	0.672216269898	0.760113197745	0.820634838342	0.616026760781	0.734237739505	0.695716286995	0.762642648077	0.589582553393	0.71379131004	0.654248417972	0.594308470893	0.658090525906	0.69740929745	0.639855095595	0.549375682833	0.0	0.511008801074	0.655157720509	0.623800327726	0.593720290417	0.939315251987	0.938096691284	0.836865427863	0.610746195147	0.680449452054	0.664951020931	0.70801432411	0.76751007282	0.78578012215	0.696546722493	0.75069780778	0.781701030025	0.674801007378	0.935261061962	0.607936500869	0.641482500657	0.590470842662	0.59720207597	0.714238281824	0.624370077296	0.921310377932	0.711448354866	0.644771017429	0.589565524249	0.591454237709	0.610690375346	0.781197568808	0.63562821864
MMS905	0.641234242936	0.66897106554	0.656112688095	0.672423336452	0.873179468101	0.647837824561	0.725080292478	0.673246983835	0.681990232747	0.684572816378	0.55371869662	0.557722357035	0.674404327236	0.640369637848	0.668951710863	0.787774522245	0.635699075916	0.701640171335	0.734049985968	0.719946563816	0.564439849445	0.681172295933	0.63680375026	0.595227960883	0.642049819498	0.653048385177	0.592647839336	0.542044584674	0.511008801074	0.0	0.642853959859	0.585758851806	0.555989760656	0.913927266113	0.839443946223	0.805780216325	0.560880017576	0.632034983803	0.662074252244	0.683608819518	0.739732101367	0.741125757217	0.678792938172	0.727006740481	0.714061469736	0.634224574545	0.853649868733	0.590745515124	0.603208799213	0.568580136208	0.637371591893	0.692394205431	0.629718825729	0.869632557134	0.690035870015	0.686081216032	0.525308211711	0.577206430854	0.630047644927	0.779067108781	0.578483634819
MMS906	0.675062476386	0.700745492046	0.834636671703	0.703995181485	0.915816595418	0.654895825387	0.847152796866	0.648317576526	0.858149002191	0.814157780349	0.624786974159	0.701972222525	0.683064749477	0.707748649933	0.777106657222	0.901783243984	0.662087524931	0.761731383859	0.746246610344	0.815107933006	0.603292080854	0.815804367395	0.645510545857	0.56060783274	0.70514092215	0.793194749131	0.753647581142	0.690358323847	0.655157720509	0.642853959859	0.0	0.59920266954	0.613829441517	0.951450505302	0.906329273483	0.875383017147	0.659711100577	0.831975575898	0.723016210384	0.771984401846	0.741067119696	0.884299241979	0.67092119864	0.733215963002	0.673692272097	0.651664082221	0.998240714586	0.671211394781	0.697471046245	0.675755061551	0.733891751791	0.812317617632	0.677704497067	0.921134818555	0.796020896409	0.748922960759	0.646813007397	0.60737389465	0.717187591681	0.725846822925	0.617471927658
MMS907	0.631730661751	0.649350196849	0.805317746631	0.68735108619	0.847648825885	0.617936948288	0.839444352157	0.628427172016	0.79711289074	0.786297232607	0.620831878358	0.707401496462	0.66909315256	0.650126187483	0.673071710949	0.865589737926	0.655490188057	0.723058806216	0.714869544895	0.810765853476	0.635299231513	0.808530748695	0.604457387952	0.576160190313	0.68388260683	0.746641959696	0.743528186169	0.645464643808	0.623800327726	0.585758851806	0.59920266954	0.0	0.580456967599	0.908775144255	0.854634902273	0.880010849636	0.669966464003	0.770373332369	0.683236091528	0.762472266509	0.677638321348	0.85862201594	0.662066498404	0.679199788115	0.641092897262	0.685164161925	0.980727023798	0.638218711688	0.685375421219	0.610240924867	0.683877969798	0.722242700912	0.673921410469	0.885398062899	0.722302164075	0.722158821705	0.581864794857	0.595128158651	0.639573490836	0.713818880198	0.619535225527
MMS919	0.673755187703	0.667596480193	0.736667707935	0.682293872197	0.883975484038	0.637551412178	0.801594214561	0.612674785309	0.802104887741	0.786253183563	0.622894554645	0.663107715957	0.655581240325	0.632261742933	0.737911007218	0.865058778879	0.656304909766	0.722652768806	0.752546950607	0.806875315574	0.645588960341	0.758596606312	0.633457532904	0.583587023319	0.690477361486	0.742301540706	0.724636923299	0.620137109147	0.593720290417	0.555989760656	0.613829441517	0.580456967599	0.0	0.910331934766	0.841715552508	0.817270697858	0.675093000619	0.799739998682	0.674240047479	0.682683326026	0.692848902503	0.815367762369	0.541102922261	0.708730226658	0.721454028117	0.575990931615	0.917580338567	0.656967025232	0.656473184814	0.629480156378	0.698818167166	0.671311423836	0.691070471507	0.741247397613	0.721571174867	0.71673258357	0.618623227814	0.632118750537	0.679576725877	0.703126795091	0.573641662711
MM943M	0.983178152006	0.960966875966	1.0179289161	0.898715705963	0.858790312363	0.928092347018	1.04343391493	0.922418250029	1.00001278281	0.979688659709	0.919705455286	0.97528253382	0.898877365603	0.844960948501	0.966144996908	1.03715143618	0.937210932078	0.883275516471	1.00265285089	0.880883890497	0.930420965399	1.01407159609	0.958018434013	0.938496733333	0.988321949096	1.04365502869	1.02066944827	0.968985761433	0.939315251987	0.913927266113	0.951450505302	0.908775144255	0.910331934766	0.0	0.862140157414	0.796442419463	0.967968191093	1.01127033373	0.94195330214	0.943437094337	0.898723764972	1.05357111188	0.937570777039	0.918384383865	0.949871432783	0.930591417699	1.04701442425	0.923830105083	1.00478528302	0.943779621231	0.932865025643	0.977363141167	0.961546529016	0.996350631675	1.009692181	0.949580819213	0.913105355877	0.947508590386	0.937523573537	0.956965837112	0.897699744549
MM941M	0.9474890573	0.913927091541	0.939176688454	0.856466056968	0.913020244953	0.923793089257	0.977389122856	0.905350310684	0.988205302719	0.938931354476	0.887850535528	0.888669200212	0.856524645537	0.905706159398	0.875602178631	1.00366558306	0.950313622401	0.930633981802	1.01080410508	0.973128017885	0.917762365266	0.965366886442	0.867635229366	0.89201274651	0.968194058396	1.00764678551	0.983407051924	0.909604716087	0.938096691284	0.839443946223	0.906329273483	0.854634902273	0.841715552508	0.862140157414	0.0	0.765281494757	0.94021022409	0.970323909804	0.931366902242	0.898012433075	0.875188449522	1.00084319501	0.858661233345	0.914958139972	0.898833020026	0.894657777329	0.971063657452	0.918349515974	0.91169499752	0.871785771653	0.904892488296	0.934930615498	0.931529303626	0.870880348223	0.94617555657	0.863682563185	0.86408553146	0.91941231241	0.931321204719	0.966083945971	0.844929981042
MM936M	0.88031178906	0.890700214007	0.939398359432	0.870037256105	0.842442434065	0.884086886234	0.942147141056	0.869819094752	0.930640756382	0.889310235369	0.807303787402	0.89345948627	0.847443278153	0.874043722977	0.888638148534	0.997538571134	0.874033631755	0.868810459921	0.945793392447	0.972583053713	0.812250915479	0.944773767228	0.826975824071	0.831404669315	0.89338631859	0.92603804944	0.89533230962	0.855942644787	0.836865427863	0.805780216325	0.875383017147	0.880010849636	0.817270697858	0.796442419463	0.765281494757	0.0	0.905261679557	0.92137682959	0.823107204716	0.850887303221	0.904117231463	0.989399523735	0.850888720367	0.877028768188	0.862092563558	0.775421118461	0.913283654777	0.818035678238	0.914006494215	0.851012361806	0.848017734284	0.903987908836	0.883847448052	0.925771367624	0.881176273421	0.838526488409	0.804801840125	0.847356808256	0.884738711444	0.959336262983	0.787357292682
MMS706	0.674941140867	0.72096450013	0.758644679151	0.737601870174	0.918746604911	0.685200049605	0.744477660103	0.70607545811	0.775138242745	0.770429595556	0.68694388573	0.645116964365	0.726274824619	0.725908263676	0.745896075323	0.76473557398	0.703424858044	0.777109866449	0.737290232723	0.717079411046	0.671160487503	0.711973504351	0.726283354258	0.604766821808	0.671953812473	0.699350889433	0.67428482233	0.623923198789	0.610746195147	0.560880017576	0.659711100577	0.669966464003	0.675093000619	0.967968191093	0.94021022409	0.905261679557	0.0	0.661267871038	0.714538572629	0.746847848901	0.777422311935	0.747741040732	0.741603438403	0.799057077794	0.772173525292	0.702263060822	0.940971793459	0.665382908111	0.714506456943	0.660496882703	0.67909148173	0.75014428804	0.663010545946	0.946050655343	0.730103766656	0.750454276766	0.635751845538	0.660309004903	0.722464473991	0.791549216517	0.663707425558
MMS707	0.810033160793	0.864296572271	0.769014253375	0.864722993011	0.988795822829	0.851099092738	0.790019069275	0.829359424734	0.690425359102	0.859071709972	0.778949811755	0.617390965349	0.858288146833	0.834835156062	0.850115088412	0.793701510334	0.780076975354	0.845491979268	0.852058271261	0.842253198849	0.784704938861	0.772111098279	0.836667709196	0.750288658374	0.798137892226	0.58654320576	0.662822162302	0.65447141549	0.680449452054	0.632034983803	0.831975575898	0.770373332369	0.799739998682	1.01127033373	0.970323909804	0.92137682959	0.661267871038	0.0	0.801630401982	0.839476206436	0.89563781069	0.801188213055	0.867986144576	0.87257082696	0.898359587246	0.82675320636	0.960583019328	0.791991281636	0.769440736035	0.74434382119	0.793801426616	0.81623937912	0.818126727501	0.99892782192	0.836711853477	0.845841431445	0.741673809255	0.800268470035	0.793285329523	0.933555209911	0.796173082546
MMS704	0.731213886036	0.668708601062	0.843714698404	0.769725316805	0.901176409953	0.691240630644	0.851210796062	0.74014945231	0.813093801071	0.803104131695	0.717665840543	0.741723645335	0.661372851489	0.691233951902	0.682254914931	0.886946510385	0.720805357149	0.736398044049	0.787227508786	0.798903842303	0.707336380215	0.818423810663	0.61784674166	0.686253678421	0.69649600095	0.800580050092	0.785851265621	0.685656120332	0.664951020931	0.662074252244	0.723016210384	0.683236091528	0.674240047479	0.94195330214	0.931366902242	0.823107204716	0.714538572629	0.801630401982	0.0	0.712425295706	0.724955107689	0.864786102968	0.760612547328	0.681118882916	0.697858200245	0.706218793347	0.910080679334	0.713400312434	0.767522583021	0.697694680275	0.723031979816	0.75986509592	0.68355075583	0.922641939502	0.742420717634	0.709682408559	0.712453267857	0.708415784251	0.73658271103	0.722528115103	0.619990056442
MMS705	0.751142176972	0.73707993287	0.746973596663	0.725036070265	0.928855757175	0.741543078998	0.787863381141	0.727994211635	0.7775941166	0.662356867121	0.696190621007	0.745982617024	0.696269677468	0.743925213312	0.811243013682	0.862710639151	0.726518431891	0.792926491001	0.779772157824	0.830009437591	0.717552140132	0.829037375247	0.721124809087	0.708838516923	0.781194937599	0.81236134045	0.764033976939	0.706994555761	0.70801432411	0.683608819518	0.771984401846	0.762472266509	0.682683326026	0.943437094337	0.898012433075	0.850887303221	0.746847848901	0.839476206436	0.712425295706	0.0	0.835370839008	0.815589499924	0.773980859659	0.806191691815	0.81731132739	0.673935406767	0.823439546926	0.729535804587	0.731321603039	0.61003027861	0.73833029996	0.604947852958	0.720434015111	0.854935017684	0.69073189483	0.74367421599	0.68458179072	0.716398141085	0.727056362024	0.800853830751	0.708855628014
MMS702	0.799989330173	0.65971997978	0.882408003445	0.696025637836	0.890998973873	0.658671151229	0.926370772466	0.636434260107	0.908659709215	0.859135960421	0.735293535144	0.793781069091	0.546981298772	0.656402110296	0.638402937779	0.964851155732	0.795343640775	0.705634039686	0.811457302044	0.887039016968	0.792704371666	0.869004284055	0.770871756719	0.760116794424	0.705478692366	0.893625491413	0.872908096275	0.765411378188	0.76751007282	0.739732101367	0.741067119696	0.677638321348	0.692848902503	0.898723764972	0.875188449522	0.904117231463	0.777422311935	0.89563781069	0.724955107689	0.835370839008	0.0	0.904015860921	0.716769641274	0.567803084128	0.70612948592	0.756269421691	0.994840404271	0.755455144882	0.810452655868	0.752827244309	0.80512675808	0.859057407103	0.804392917153	0.882046495183	0.788297593265	0.762291407757	0.752569017521	0.765932972939	0.775028505142	0.540483842231	0.667710161515
MMS703	0.813813488788	0.868935376974	0.606640164771	0.861456780198	1.01416915934	0.847622105872	0.521733551334	0.845584229762	0.833235545812	0.854071753046	0.818496316308	0.764313055656	0.870117254888	0.908194075051	0.934469049791	0.640087724123	0.816901372613	0.885594863817	0.847784516457	0.763246617824	0.864516810157	0.547159669294	0.851874155695	0.805401427082	0.882695793114	0.850517945472	0.774628620364	0.741625473218	0.78578012215	0.741125757217	0.884299241979	0.85862201594	0.815367762369	1.05357111188	1.00084319501	0.989399523735	0.747741040732	0.801188213055	0.864786102968	0.815589499924	0.904015860921	0.0	0.907855566369	0.939860517215	0.968254574067	0.854219836097	0.963952360608	0.810366719229	0.7362712535	0.812108363923	0.809417409415	0.797499638862	0.85373977171	1.00994264973	0.866279536512	0.847099378732	0.784781742042	0.844003857038	0.829557774518	0.937753147739	0.821400306939
MMS700	0.766161463371	0.722483825835	0.84382626175	0.721605057858	0.935735379408	0.659736356468	0.927884687158	0.644405734407	0.88717021322	0.833274578143	0.698329439061	0.755853287383	0.72920790399	0.717086287055	0.803449391048	0.963759323976	0.770068171434	0.779918526128	0.818504859146	0.888136657728	0.726023915881	0.865605523693	0.743027863528	0.659240264964	0.710252377233	0.845760304684	0.82936819621	0.729364961037	0.696546722493	0.678792938172	0.67092119864	0.662066498404	0.541102922261	0.937570777039	0.858661233345	0.850888720367	0.741603438403	0.867986144576	0.760612547328	0.773980859659	0.716769641274	0.907855566369	0.0	0.756069221898	0.767941151849	0.600361334221	0.958818622703	0.75016329664	0.811957550082	0.696101434458	0.750528148937	0.759060015827	0.76580966856	0.703056530673	0.805069621501	0.780583820455	0.68076481292	0.741551259982	0.768790547569	0.750704017459	0.635167231084
