	MMS930	MMS925	MMS911	MMS920	MM933M	MMS922	MMS910	MMS923	MMS715	MMS714	MMS717	MMS716	MMS711	MMS710	MMS713	MMS712	MMS944	MMS921	MMS942	MMS943	MMS908	MMS909	MMS928	MMS929	MMS900	MMS901	MMS902	MMS903	MMS904	MMS905	MMS906	MMS907	MMS919	MM943M	MM941M	MM936M	MMS706	MMS707	MMS704	MMS705	MMS702	MMS703	MMS700	MMS701	MMS708	MMS709	MMS917	MMS939	MMS938	MMS916	MMS931	MMS915	MMS932	MMS918	MMS914	MM9362CU	MMS913	MMS890	MMS891	MMS924	MMS912
MMS930	0.0	0.732935318793	0.744698465462	0.696864885456	0.889250005348	0.66385906301	0.744850696726	0.729186595427	0.765677894838	0.746024740997	0.629383999585	0.676191826207	0.703353816408	0.727707132436	0.731002559299	0.777625657588	0.5947262379	0.732178316904	0.66983286306	0.747981196639	0.612462678563	0.689932789188	0.642414913418	0.544137170399	0.725826154343	0.743598420094	0.679145147893	0.631266127599	0.639423077945	0.639586550105	0.67551120071	0.626437089202	0.665119515064	0.934037874631	0.90761010769	0.832033551346	0.669368482183	0.748877903335	0.709972347645	0.714576197124	0.746693350289	0.771214415804	0.726613855289	0.745229204411	0.782556715144	0.666515347075	0.981406892004	0.624040295709	0.617523533441	0.617061043982	0.597519584291	0.690473971792	0.60821728478	0.999589932211	0.688896650084	0.630568190914	0.614455238274	0.520651005903	0.63081078706	0.788427246657	0.649910632107
MMS925	0.732935318793	0.0	0.764643512607	0.651640386743	0.81936962126	0.607635923297	0.792186110986	0.643604897454	0.813099005051	0.713163239386	0.610248137729	0.674965715761	0.578812536983	0.697180333296	0.606712189251	0.829187376862	0.730789692104	0.609829453602	0.735601076596	0.769668449121	0.658630224172	0.746554808323	0.622560577773	0.624602671309	0.672679989993	0.738217954807	0.745198486717	0.627975715971	0.658857647591	0.615894712497	0.679637772958	0.607628532107	0.63557442586	0.920734754122	0.886167225334	0.857954594348	0.683684295596	0.793146924606	0.676658026728	0.745726379681	0.65709596075	0.83105838803	0.680552887873	0.583077612109	0.744514813137	0.642372265214	0.906570308999	0.681039097841	0.731328992403	0.660695557796	0.728054974548	0.734914401585	0.715532851221	0.853003310801	0.719232527166	0.690369443698	0.628575949253	0.657206553308	0.674415223497	0.621393719352	0.619471207142
MMS911	0.744698465462	0.764643512607	0.0	0.752702568101	0.92127414428	0.739732197244	0.630524254619	0.72069062279	0.669849762747	0.674633709926	0.691396663733	0.686997376964	0.757175333738	0.781473458483	0.735907167814	0.598727824506	0.737238499159	0.748976947773	0.788181209747	0.658363757877	0.731420005876	0.626128965944	0.746941609825	0.747603259506	0.770880774028	0.719236771559	0.630030200387	0.672509541306	0.683839501698	0.613019709635	0.77914908043	0.732159879246	0.672430667262	0.969591086779	0.879914481423	0.877350375781	0.710968057687	0.708502207173	0.785461235375	0.733226269757	0.795144349621	0.626104524635	0.773026982489	0.829713475389	0.88440926702	0.714104122122	0.828301042199	0.736066921456	0.689847742587	0.684466261769	0.727877261274	0.706232237082	0.763118339099	0.878338336512	0.73237687537	0.749175689439	0.663131598389	0.721461610727	0.716216465034	0.852174322041	0.713635129753
MMS920	0.696864885456	0.651640386743	0.752702568101	0.0	0.876090069299	0.637536056262	0.818576371191	0.603567368445	0.767369011963	0.677528279462	0.65344128285	0.638714305379	0.645674937035	0.672383889636	0.660877775898	0.832783826375	0.637132422498	0.551914672216	0.773339713391	0.757251617796	0.658776032939	0.783676074706	0.700799066301	0.700669780091	0.756337065859	0.7804288552	0.730336899364	0.676615850473	0.702557775427	0.658827735324	0.681816213444	0.671541029482	0.665029088031	0.869975665723	0.850654801675	0.847098516206	0.720609668443	0.810074791586	0.761744712507	0.714008701716	0.682976557057	0.82646222112	0.693087509645	0.712057293746	0.805505660381	0.620786164835	0.875540509861	0.644083042882	0.74384869623	0.642027741344	0.718701548306	0.732804296981	0.727902519985	0.894476041782	0.718157491255	0.74272074479	0.615420151087	0.690430953075	0.673443706369	0.697594509136	0.660524747875
MM933M	0.889250005348	0.81936962126	0.92127414428	0.876090069299	0.0	0.822939655743	0.915429318414	0.844175493506	0.92290802471	0.867316552125	0.886788711814	0.859835762289	0.854635538606	0.832233864164	0.857046313509	0.92071529679	0.872796299447	0.837522482834	0.870885149777	0.89202533975	0.872365264276	0.923752709774	0.868787870786	0.851354271044	0.844083131711	0.925905762393	0.922601888334	0.848955741783	0.847801802243	0.822379588892	0.878311194389	0.819248164838	0.830892412867	0.846202468327	0.879757901205	0.810296409207	0.857486744909	0.924993861912	0.853636999941	0.889683833584	0.836711217927	0.944685422449	0.885803859034	0.805051931549	0.873816034589	0.867163412631	1.02973538295	0.891859156511	0.887384919715	0.857410296761	0.816514945227	0.858586130099	0.855695394558	0.934486472917	0.884724804721	0.804739373636	0.848423024225	0.83445018959	0.845188559664	0.917275898241	0.830372385698
MMS922	0.66385906301	0.607635923297	0.739732197244	0.637536056262	0.822939655743	0.0	0.813069696071	0.578971088484	0.74223786718	0.66040729093	0.623903573367	0.679232779618	0.636932039945	0.602186646212	0.631344769559	0.824726856692	0.689057147257	0.565821741906	0.744519858319	0.740345611488	0.640259691947	0.75427835271	0.687761386714	0.648320827169	0.718874995884	0.741448629756	0.741847308263	0.654025320456	0.658689687435	0.616590320172	0.664243543056	0.622927284988	0.627767007465	0.892269590717	0.888759577455	0.84933615301	0.675754916348	0.78424125454	0.695193414088	0.74214779048	0.651340004213	0.809229577556	0.652850905213	0.633227041765	0.776777326712	0.573252939997	0.870158347875	0.686612007444	0.749360981367	0.625071832962	0.688330313973	0.722640901507	0.688448393962	0.852842182949	0.655808829338	0.676358876699	0.599769032828	0.66193364092	0.66821368438	0.663636852922	0.612901995408
MMS910	0.744850696726	0.792186110986	0.630524254619	0.818576371191	0.915429318414	0.813069696071	0.0	0.761917711476	0.720924415234	0.770543985589	0.739371725283	0.682527843483	0.813113644575	0.824813671404	0.803910932773	0.589244999144	0.760272769778	0.80233472818	0.756024621135	0.671955351383	0.765382996225	0.595238139612	0.773646395429	0.713967004927	0.808337804293	0.768910783182	0.632660232249	0.667384316563	0.73073476891	0.656729605336	0.764378142923	0.760134661663	0.73847535263	0.979381176726	0.907072104674	0.867722403463	0.695595655487	0.72772938974	0.789143156398	0.761503490533	0.840275046043	0.597154832746	0.849498422321	0.869969073358	0.907682584866	0.773414033643	0.902291920295	0.768102874857	0.661311771946	0.739355679695	0.733746264854	0.720949054188	0.771691951893	0.937948487018	0.760384802502	0.779499237566	0.715144373776	0.73174080062	0.753640433538	0.887200133452	0.76585419447
MMS923	0.729186595427	0.643604897454	0.72069062279	0.603567368445	0.844175493506	0.578971088484	0.761917711476	0.0	0.718706709833	0.686545356867	0.654118707283	0.627561484337	0.631937224484	0.652691885358	0.6647478379	0.820089660817	0.662183316628	0.568573989162	0.726049820058	0.763642216535	0.670059257647	0.760748454677	0.697422350301	0.665870175932	0.647571581291	0.716108486568	0.708324159494	0.660784175765	0.667113833211	0.651082914014	0.650076163513	0.625620426366	0.60354603871	0.888110469852	0.872005222249	0.835204370604	0.692987981428	0.767213498035	0.752450136077	0.725953008716	0.640852425025	0.806154009039	0.642263279229	0.681310380445	0.745231125486	0.611665764774	0.857660204243	0.692795019898	0.747589670798	0.632719195554	0.715184641928	0.731586141421	0.704695491827	0.819799080752	0.744032230732	0.727905341748	0.639822657519	0.664511769137	0.691937255807	0.674176998542	0.687528094871
MMS715	0.765677894838	0.813099005051	0.669849762747	0.767369011963	0.92290802471	0.74223786718	0.720924415234	0.718706709833	0.0	0.716250601488	0.757490396374	0.64035604812	0.780159117453	0.734126048301	0.726359881057	0.734327640894	0.756871826337	0.73305005094	0.797991059828	0.77924435157	0.752001002808	0.717402162185	0.783576911907	0.763361576501	0.773499739541	0.655314276456	0.555786306232	0.677382313503	0.702383692246	0.619898224736	0.788015571207	0.729689544501	0.740525919805	0.935908352273	0.9186157835	0.881786962962	0.713673458738	0.641207919857	0.780844553216	0.72987542986	0.823992887643	0.784378507687	0.826606498047	0.847691575235	0.880029527153	0.753439782918	0.808604572505	0.798436588449	0.73729648913	0.713922702321	0.727034911491	0.682614170659	0.764025621276	0.905331735153	0.738031824943	0.778197780625	0.713474197222	0.750694432902	0.765564037511	0.868809859972	0.761190842566
MMS714	0.746024740997	0.713163239386	0.674633709926	0.677528279462	0.867316552125	0.66040729093	0.770543985589	0.686545356867	0.716250601488	0.0	0.652992576635	0.709805858746	0.694140882001	0.726296384832	0.660977946118	0.773848197242	0.733963118218	0.705413771137	0.792632586875	0.751986367786	0.711594859932	0.79509037344	0.719831856168	0.710509704016	0.775000477822	0.768179086418	0.695393569214	0.69133588882	0.73447414874	0.616707538866	0.724657880239	0.701961976593	0.713998351839	0.905840900459	0.880549556104	0.837209561425	0.706970790351	0.763495157639	0.748604371856	0.660283099036	0.77417575195	0.80824129058	0.757841525179	0.767007036136	0.812157465124	0.602096585656	0.749797604996	0.692760869367	0.751324460575	0.640177343674	0.753545495139	0.71924422554	0.710243277047	0.876015494724	0.68054459638	0.727120973095	0.648775838264	0.686926173651	0.701538120767	0.784724793148	0.674092692678
MMS717	0.629383999585	0.610248137729	0.691396663733	0.65344128285	0.886788711814	0.623903573367	0.739371725283	0.654118707283	0.757490396374	0.652992576635	0.0	0.635831315718	0.624835272983	0.696113873065	0.666581977136	0.795289141297	0.612976342894	0.659033271501	0.68387378601	0.758912760876	0.562551946436	0.710786316225	0.604375414341	0.591130014499	0.701978108443	0.722121192265	0.667548489788	0.649562556563	0.616470554181	0.5802420893	0.625309626843	0.640785667082	0.631934153432	0.881299000218	0.887540000987	0.810478706513	0.678330818997	0.728480126234	0.721590560331	0.694843719224	0.706552640693	0.774810600658	0.679517571882	0.690239126875	0.746572383602	0.60487375741	0.908448134391	0.58542744486	0.671786369712	0.573083750355	0.645773801438	0.725218351414	0.621427614969	0.898983182029	0.676128009122	0.665545953652	0.552473970032	0.557966461895	0.593746478639	0.706621956933	0.581994401242
MMS716	0.676191826207	0.674965715761	0.686997376964	0.638714305379	0.859835762289	0.679232779618	0.682527843483	0.627561484337	0.64035604812	0.709805858746	0.635831315718	0.0	0.683105024112	0.675602061375	0.653244431366	0.722625286953	0.661169891135	0.649082021719	0.718075024959	0.726325181944	0.630733790657	0.690748044568	0.698820230732	0.623857982072	0.697853274165	0.639790660854	0.574199436618	0.606794548103	0.608181772385	0.515193396852	0.653563686028	0.649295570396	0.616734070245	0.913669956762	0.830777398651	0.843091644841	0.607108527173	0.57507031018	0.70486881478	0.694539696529	0.717227737069	0.727855191274	0.702726913768	0.724421058048	0.837786112728	0.619587276534	0.880301814036	0.685230625932	0.688604886351	0.601482693141	0.652950931825	0.682945935457	0.667279380078	0.87667934952	0.693839980053	0.68838179578	0.605765822495	0.623238914996	0.669243442967	0.768248175713	0.662793627615
MMS711	0.703353816408	0.578812536983	0.757175333738	0.645674937035	0.854635538606	0.636932039945	0.813113644575	0.631937224484	0.780159117453	0.694140882001	0.624835272983	0.683105024112	0.0	0.641649421493	0.582171534541	0.825324223563	0.74141607969	0.618087790263	0.758716803536	0.779663732522	0.704081927837	0.752458006342	0.653901217474	0.666825898906	0.683930336417	0.779432501074	0.743239337183	0.655739249965	0.69630910593	0.639942231775	0.650660937635	0.643007698472	0.63995958739	0.866527466049	0.836305739711	0.815847508614	0.688545883634	0.779386452026	0.662810317233	0.693880423153	0.562412016987	0.81442450489	0.709710618961	0.580729824841	0.741724409769	0.626987910438	0.903403981866	0.67677263835	0.749324458828	0.641380581018	0.747182264917	0.743524349602	0.756140282479	0.825548156399	0.653428950453	0.666519410145	0.608891429674	0.687243211348	0.690208672709	0.566189872395	0.586913952443
MMS710	0.727707132436	0.697180333296	0.781473458483	0.672383889636	0.832233864164	0.602186646212	0.824813671404	0.652691885358	0.734126048301	0.726296384832	0.696113873065	0.675602061375	0.641649421493	0.0	0.641805923672	0.858687336129	0.726894265937	0.597824953785	0.773662130546	0.756359409468	0.694728060318	0.79603971881	0.736855813933	0.685743930158	0.735660186426	0.735133344916	0.726415497474	0.66942493161	0.665082673056	0.616634435486	0.720787847905	0.652655846187	0.623491381143	0.809956443314	0.85945284926	0.854553874125	0.705638148743	0.767967535409	0.710002979836	0.725881767003	0.671709795024	0.859756387211	0.705770397822	0.648212293648	0.789325418424	0.651166933084	0.920990666505	0.716981228821	0.761700429037	0.685358838313	0.729392896422	0.737767657511	0.721178521925	0.863047679999	0.700164264011	0.696424442884	0.667386737708	0.693199381628	0.721146979464	0.702704010702	0.658073335137
MMS713	0.731002559299	0.606712189251	0.735907167814	0.660877775898	0.857046313509	0.631344769559	0.803910932773	0.6647478379	0.726359881057	0.660977946118	0.666581977136	0.653244431366	0.582171534541	0.641805923672	0.0	0.768424034504	0.744460468774	0.587636007894	0.783810950467	0.74345625025	0.678024666613	0.742326288368	0.664155110618	0.673507460409	0.710516641001	0.697895885343	0.70986870196	0.638510054837	0.71370743328	0.598646125058	0.706218071901	0.608026399121	0.677649894018	0.901224860439	0.827189626615	0.837228057534	0.672241027237	0.74690200489	0.663479573493	0.759652280834	0.648443234641	0.851819533408	0.733852748075	0.647442184594	0.739065880981	0.671179528768	0.837866767703	0.714905139994	0.749069415814	0.645876724509	0.736108538153	0.756922619445	0.693891249613	0.846243856965	0.607599588413	0.686997686101	0.627444935706	0.686126049723	0.675382127998	0.664132689594	0.604067883454
MMS712	0.777625657588	0.829187376862	0.598727824506	0.832783826375	0.92071529679	0.824726856692	0.589244999144	0.820089660817	0.734327640894	0.773848197242	0.795289141297	0.722625286953	0.825324223563	0.858687336129	0.768424034504	0.0	0.787534732425	0.80884135212	0.812040163283	0.579325456824	0.820009616375	0.636860409172	0.791162637626	0.71324178967	0.831854490116	0.776430876267	0.677742473433	0.696814442921	0.747248236947	0.692356370399	0.80218796554	0.761264470089	0.766196588095	0.960837646646	0.907902582243	0.905969778191	0.704955392806	0.715866093444	0.811356048854	0.807227637219	0.857398525042	0.638803550706	0.871151510374	0.876126620032	0.903790332285	0.769595147164	0.909169713512	0.7881842734	0.757261661831	0.782880952944	0.771420826107	0.770237048675	0.815590291775	0.952560410332	0.717338537257	0.782728764765	0.741623817228	0.791804891579	0.764668230019	0.904552289252	0.763007653411
MMS944	0.5947262379	0.730789692104	0.737238499159	0.637132422498	0.872796299447	0.689057147257	0.760272769778	0.662183316628	0.756871826337	0.733963118218	0.612976342894	0.661169891135	0.74141607969	0.726894265937	0.744460468774	0.787534732425	0.0	0.686971520377	0.71473143004	0.739148140905	0.609036663709	0.7261145326	0.642856132195	0.61074166119	0.738496382982	0.717900834566	0.704181218816	0.6593511908	0.646507480824	0.655139583669	0.672209554822	0.661165968121	0.635392495797	0.893222351238	0.913290023428	0.847750969484	0.707634620384	0.730820111292	0.709722998997	0.71330810835	0.755776252758	0.776806961935	0.740391081126	0.742961239981	0.791836321111	0.674705170695	0.947808547672	0.625086964646	0.666336060303	0.610930796211	0.629581558913	0.723170636343	0.619892359067	0.957499991432	0.738655474831	0.675011506766	0.623141688971	0.595816226646	0.624710171293	0.763851196553	0.683558799928
MMS921	0.732178316904	0.609829453602	0.748976947773	0.551914672216	0.837522482834	0.565821741906	0.80233472818	0.568573989162	0.73305005094	0.705413771137	0.659033271501	0.649082021719	0.618087790263	0.597824953785	0.587636007894	0.80884135212	0.686971520377	0.0	0.768007739758	0.748541456231	0.690135380288	0.776668421675	0.704197067	0.718295106803	0.733322246488	0.74006794917	0.739077979739	0.666574788893	0.675853016138	0.627156406016	0.706024110342	0.647988585845	0.640794885453	0.843125424499	0.875420663223	0.826217916799	0.720494136938	0.760189344055	0.709513517365	0.766310120024	0.635525582916	0.821958980942	0.718464310436	0.623917296056	0.782437192403	0.622866129566	0.865007514846	0.658408308036	0.770992081605	0.681285261902	0.755907204162	0.768132951629	0.745703716791	0.877875879845	0.689681336704	0.721406683867	0.640881566636	0.714221354188	0.680479933921	0.675526030055	0.630127396766
MMS942	0.66983286306	0.735601076596	0.788181209747	0.773339713391	0.870885149777	0.744519858319	0.756024621135	0.726049820058	0.797991059828	0.792632586875	0.68387378601	0.718075024959	0.758716803536	0.773662130546	0.783810950467	0.812040163283	0.71473143004	0.768007739758	0.0	0.8040304992	0.691906651984	0.756710434417	0.70935008256	0.660005953384	0.725451702752	0.782159566733	0.711752004023	0.699853855641	0.688460607559	0.711957129093	0.709942778271	0.695260821983	0.730196531777	0.955993132657	0.972448471701	0.910385777981	0.722062588291	0.797670436996	0.750199489287	0.753678628383	0.768761654108	0.790517609811	0.778740573338	0.783006093331	0.827969786542	0.763163265214	1.01126483952	0.705285978751	0.719211563575	0.685359975657	0.668182267964	0.684230801126	0.632839057613	0.996436136089	0.73921199391	0.708761343557	0.669004263214	0.664399610175	0.69148672724	0.790632138035	0.698208122028
MMS943	0.747981196639	0.769668449121	0.658363757877	0.757251617796	0.89202533975	0.740345611488	0.671955351383	0.763642216535	0.77924435157	0.751986367786	0.758912760876	0.726325181944	0.779663732522	0.756359409468	0.74345625025	0.579325456824	0.739148140905	0.748541456231	0.8040304992	0.0	0.767242605149	0.722421716658	0.766767779216	0.667448040361	0.821749405242	0.785065044913	0.708620368494	0.682319924226	0.739164235669	0.682808391657	0.756965606912	0.764689067574	0.753283055637	0.888506471972	0.909098436845	0.917813458704	0.686674995791	0.795800435621	0.76194687772	0.806045293802	0.809419240003	0.729563596842	0.828514351839	0.823628742243	0.88691113188	0.769246493251	0.930186414386	0.733452925038	0.731302857543	0.731996667846	0.713700099156	0.781474284547	0.749968370012	0.973995686023	0.756027332405	0.767596621507	0.688565609353	0.726356716024	0.747345915281	0.853791452538	0.745442907019
MMS908	0.612462678563	0.658630224172	0.731420005876	0.658776032939	0.872365264276	0.640259691947	0.765382996225	0.670059257647	0.752001002808	0.711594859932	0.562551946436	0.630733790657	0.704081927837	0.694728060318	0.678024666613	0.820009616375	0.609036663709	0.690135380288	0.691906651984	0.767242605149	0.0	0.734255368931	0.604609489329	0.608173212683	0.704119184555	0.73069779232	0.647414772129	0.638510439813	0.606413162517	0.588326008448	0.60192642628	0.626638966935	0.622919250958	0.910635100205	0.895495422454	0.790112161596	0.664945853869	0.723742326416	0.7099575395	0.704878447826	0.752735996314	0.809091674483	0.694045212859	0.717977372814	0.748576371099	0.590607292346	0.910036323083	0.611204495479	0.667965115906	0.627694704302	0.669211120324	0.723509122183	0.646110860188	0.896792147399	0.703370968661	0.717597880211	0.585047445964	0.564219213939	0.607833987866	0.777878565243	0.625467106052
MMS909	0.689932789188	0.746554808323	0.626128965944	0.783676074706	0.923752709774	0.75427835271	0.595238139612	0.760748454677	0.717402162185	0.79509037344	0.710786316225	0.690748044568	0.752458006342	0.79603971881	0.742326288368	0.636860409172	0.7261145326	0.776668421675	0.756710434417	0.722421716658	0.734255368931	0.0	0.738272700547	0.656652715778	0.732136710023	0.734837705193	0.673382438992	0.622004006492	0.681950259302	0.629985004985	0.745910243501	0.745227281194	0.687390595969	0.947502844188	0.893899014979	0.872533696489	0.659698266691	0.702264650589	0.760603800086	0.763350575057	0.794472388005	0.588317351795	0.792387378143	0.813372306561	0.888558507639	0.743335047638	0.926351543366	0.703768495768	0.672805826866	0.726208783378	0.687773344603	0.710877165883	0.731744975296	0.925905227255	0.743116010034	0.7275727724	0.681567288691	0.691500940891	0.707246279315	0.841192129934	0.677828182096
MMS928	0.642414913418	0.622560577773	0.746941609825	0.700799066301	0.868787870786	0.687761386714	0.773646395429	0.697422350301	0.783576911907	0.719831856168	0.604375414341	0.698820230732	0.653901217474	0.736855813933	0.664155110618	0.791162637626	0.642856132195	0.704197067	0.70935008256	0.766767779216	0.604609489329	0.738272700547	0.0	0.567121664634	0.729702268404	0.737400918774	0.72025487976	0.665670884245	0.670455744427	0.62656370829	0.642912207676	0.572716901486	0.646545468099	0.919041801647	0.852365767653	0.827110860523	0.711771888486	0.771710250267	0.667323321643	0.7190127208	0.730187065401	0.788606701632	0.7359749622	0.708856126901	0.720934817006	0.654720342015	0.886674668987	0.602913478014	0.667923338949	0.623610039115	0.677932551264	0.728224908782	0.639520912207	0.902838246261	0.722558996897	0.669767869137	0.638642305478	0.538797206468	0.618418360307	0.721722825771	0.62275409164
MMS929	0.544137170399	0.624602671309	0.747603259506	0.700669780091	0.851354271044	0.648320827169	0.713967004927	0.665870175932	0.763361576501	0.710509704016	0.591130014499	0.623857982072	0.666825898906	0.685743930158	0.673507460409	0.71324178967	0.61074166119	0.718295106803	0.660005953384	0.667448040361	0.608173212683	0.656652715778	0.567121664634	0.0	0.691843375082	0.70395976754	0.639446949606	0.573536708582	0.630727768683	0.596389210268	0.591029206916	0.577601051442	0.601192844333	0.894943946993	0.864132876485	0.815129952126	0.610832208959	0.704839587675	0.698869655919	0.70368566768	0.739935446891	0.750733548724	0.655417809704	0.683617344985	0.752980823238	0.599683389565	0.933143895883	0.598232137537	0.649238338888	0.610961283422	0.630662273633	0.677083362779	0.598382458139	0.884022198959	0.680303170425	0.649776425665	0.593948462822	0.534783124536	0.636844076391	0.732895391339	0.599550741084
MMS900	0.725826154343	0.672679989993	0.770880774028	0.756337065859	0.844083131711	0.718874995884	0.808337804293	0.647571581291	0.773499739541	0.775000477822	0.701978108443	0.697853274165	0.683930336417	0.735660186426	0.710516641001	0.831854490116	0.738496382982	0.733322246488	0.725451702752	0.821749405242	0.704119184555	0.732136710023	0.729702268404	0.691843375082	0.0	0.740334426104	0.730572895818	0.641196611001	0.643984706882	0.625473878388	0.700599722975	0.669140330666	0.665370389961	0.951932939448	0.920274521451	0.866937573921	0.643106305265	0.736795800152	0.711920785911	0.768666316611	0.710698073039	0.822741416793	0.692215394858	0.709721613147	0.681506861246	0.72936812118	0.917504295165	0.749925510448	0.750315314492	0.712294440679	0.715614187452	0.71257519025	0.730256831181	0.821610305254	0.765939782531	0.754549365764	0.682191098343	0.733586422403	0.715883136137	0.747068609831	0.688516549596
MMS901	0.743598420094	0.738217954807	0.719236771559	0.7804288552	0.925905762393	0.741448629756	0.768910783182	0.716108486568	0.655314276456	0.768179086418	0.722121192265	0.639790660854	0.779432501074	0.735133344916	0.697895885343	0.776430876267	0.717900834566	0.74006794917	0.782159566733	0.785065044913	0.73069779232	0.734837705193	0.737400918774	0.70395976754	0.740334426104	0.0	0.644893945671	0.625914397141	0.684409458509	0.617151365463	0.747753921705	0.675921005574	0.703629323894	0.988212806613	0.960292294304	0.88856740257	0.681987942655	0.61076605109	0.770142659633	0.771385824198	0.844236265712	0.802576708128	0.801334470505	0.793773407013	0.83806140363	0.768390961725	0.892057092613	0.743392398562	0.730244702753	0.721922446723	0.724777471562	0.712921178203	0.761553133547	0.943292943849	0.71651859851	0.775430967792	0.697519297881	0.716711748696	0.738687222387	0.855534745676	0.727436375812
MMS902	0.679145147893	0.745198486717	0.630030200387	0.730336899364	0.922601888334	0.741847308263	0.632660232249	0.708324159494	0.555786306232	0.695393569214	0.667548489788	0.574199436618	0.743239337183	0.726415497474	0.70986870196	0.677742473433	0.704181218816	0.739077979739	0.711752004023	0.708620368494	0.647414772129	0.673382438992	0.72025487976	0.639446949606	0.730572895818	0.644893945671	0.0	0.603222421142	0.63317162786	0.568211696334	0.699698151893	0.692785638755	0.685866765633	0.962571449961	0.926266077637	0.853540181886	0.637938874225	0.612838221364	0.748312311405	0.7193066862	0.801074051047	0.735616181858	0.764597076673	0.797882067452	0.858958067555	0.682851970034	0.860278471127	0.688728360837	0.659048523318	0.639063682245	0.663517008601	0.672438047406	0.678006862877	0.925720549574	0.69485445043	0.70828065151	0.644504521173	0.641680083436	0.681368632265	0.850441409079	0.724517302701
MMS903	0.631266127599	0.627975715971	0.672509541306	0.676615850473	0.848955741783	0.654025320456	0.667384316563	0.660784175765	0.677382313503	0.69133588882	0.649562556563	0.606794548103	0.655739249965	0.66942493161	0.638510054837	0.696814442921	0.6593511908	0.666574788893	0.699853855641	0.682319924226	0.638510439813	0.622004006492	0.665670884245	0.573536708582	0.641196611001	0.625914397141	0.603222421142	0.0	0.556001906928	0.535042844724	0.648926349738	0.598848941975	0.577739510925	0.912780312245	0.866172030965	0.813862092846	0.606904109696	0.637868977	0.660033501813	0.675177726606	0.723253267886	0.691186310998	0.692701346978	0.66689038017	0.78055894381	0.649189257838	0.888156805456	0.633310125691	0.652059465948	0.641557933422	0.635337453053	0.661230213344	0.648695839679	0.867152438967	0.649284191345	0.619531818981	0.533042298238	0.626353198843	0.61782159989	0.723189384531	0.586520712429
MMS904	0.639423077945	0.658857647591	0.683839501698	0.702557775427	0.847801802243	0.658689687435	0.73073476891	0.667113833211	0.702383692246	0.73447414874	0.616470554181	0.608181772385	0.69630910593	0.665082673056	0.71370743328	0.747248236947	0.646507480824	0.675853016138	0.688460607559	0.739164235669	0.606413162517	0.681950259302	0.670455744427	0.630727768683	0.643984706882	0.684409458509	0.63317162786	0.556001906928	0.0	0.54103227219	0.66314077338	0.616557641436	0.592750868734	0.907202046514	0.897180878882	0.813826552823	0.626299885569	0.653278389089	0.676481428587	0.715900526216	0.740312462592	0.75766037651	0.688789963271	0.717873281562	0.791472437057	0.656647117421	0.925716911174	0.634472099195	0.681416783786	0.630326084588	0.619642688615	0.678153928104	0.65924953944	0.887916244719	0.687662367376	0.650644356901	0.59388527769	0.622334874851	0.591668407425	0.7656943318	0.646660593515
MMS905	0.639586550105	0.615894712497	0.613019709635	0.658827735324	0.822379588892	0.616590320172	0.656729605336	0.651082914014	0.619898224736	0.616707538866	0.5802420893	0.515193396852	0.639942231775	0.616634435486	0.598646125058	0.692356370399	0.655139583669	0.627156406016	0.711957129093	0.682808391657	0.588326008448	0.629985004985	0.62656370829	0.596389210268	0.625473878388	0.617151365463	0.568211696334	0.535042844724	0.54103227219	0.0	0.644724603278	0.573219396837	0.547844712336	0.878577762177	0.809726857342	0.775948257803	0.552227567101	0.576793760795	0.661019666133	0.671914298211	0.68850606259	0.689672054139	0.670503096069	0.677123504639	0.738653247423	0.600953119352	0.829366455166	0.598530722889	0.621896759184	0.589848674495	0.62528167826	0.645463613654	0.64352426534	0.830599309748	0.641806899403	0.649198712573	0.524220164674	0.566097929472	0.596289883436	0.751401957566	0.575357231877
MMS906	0.67551120071	0.679637772958	0.77914908043	0.681816213444	0.878311194389	0.664243543056	0.764378142923	0.650076163513	0.788015571207	0.724657880239	0.625309626843	0.653563686028	0.650660937635	0.720787847905	0.706218071901	0.80218796554	0.672209554822	0.706024110342	0.709942778271	0.756965606912	0.60192642628	0.745910243501	0.642912207676	0.591029206916	0.700599722975	0.747753921705	0.699698151893	0.648926349738	0.66314077338	0.644724603278	0.0	0.62400781638	0.625813559232	0.911519921187	0.883571697245	0.842758939399	0.637920065826	0.770430751164	0.720082402707	0.755166824793	0.71969971225	0.827075319735	0.702380078428	0.69255215045	0.719492113031	0.638048521883	0.960202915646	0.667048400693	0.702447800891	0.674789380174	0.714605803788	0.75924993167	0.67476175442	0.908042596677	0.751360384783	0.704722489609	0.635319712094	0.607822776686	0.677829187303	0.712263023259	0.618579895878
MMS907	0.626437089202	0.607628532107	0.732159879246	0.671541029482	0.819248164838	0.622927284988	0.760134661663	0.625620426366	0.729689544501	0.701961976593	0.640785667082	0.649295570396	0.643007698472	0.652655846187	0.608026399121	0.761264470089	0.661165968121	0.647988585845	0.695260821983	0.764689067574	0.626638966935	0.745227281194	0.572716901486	0.577601051442	0.669140330666	0.675921005574	0.692785638755	0.598848941975	0.616557641436	0.573219396837	0.62400781638	0.0	0.578386968928	0.877874940202	0.857064421322	0.844921454296	0.653656136954	0.705559326938	0.664784000164	0.738236968628	0.676355597903	0.801078935929	0.651715062971	0.634751756676	0.672145344147	0.638151972527	0.929126035908	0.640350719746	0.698866002472	0.596689274625	0.66538059462	0.661743469972	0.665989083187	0.847392393214	0.669740853239	0.674618048482	0.554489737217	0.582273973119	0.593161111947	0.696145562396	0.592733973283
MMS919	0.665119515064	0.63557442586	0.672430667262	0.665029088031	0.830892412867	0.627767007465	0.73847535263	0.60354603871	0.740525919805	0.713998351839	0.631934153432	0.616734070245	0.63995958739	0.623491381143	0.677649894018	0.766196588095	0.635392495797	0.640794885453	0.730196531777	0.753283055637	0.622919250958	0.687390595969	0.646545468099	0.601192844333	0.665370389961	0.703629323894	0.685866765633	0.577739510925	0.592750868734	0.547844712336	0.625813559232	0.578386968928	0.0	0.878832601094	0.812948958427	0.785235657861	0.6640060113	0.737750940315	0.685304608062	0.662581532526	0.677733838469	0.758213569317	0.577237734645	0.661996988221	0.752607678539	0.556539827961	0.892295594486	0.651027194313	0.656054835753	0.613352640306	0.68014445032	0.649961330936	0.692826458093	0.740445759175	0.674384388009	0.678978851318	0.581967596852	0.612893981508	0.648419236007	0.698980574252	0.582370642871
MM943M	0.934037874631	0.920734754122	0.969591086779	0.869975665723	0.846202468327	0.892269590717	0.979381176726	0.888110469852	0.935908352273	0.905840900459	0.881299000218	0.913669956762	0.866527466049	0.809956443314	0.901224860439	0.960837646646	0.893222351238	0.843125424499	0.955993132657	0.888506471972	0.910635100205	0.947502844188	0.919041801647	0.894943946993	0.951932939448	0.988212806613	0.962571449961	0.912780312245	0.907202046514	0.878577762177	0.911519921187	0.877874940202	0.878832601094	0.0	0.831100922366	0.764312812934	0.92069046798	0.949936432207	0.907057165823	0.885173889259	0.862666302975	0.986545898866	0.898771984672	0.856792810898	0.91721541304	0.869325829002	1.0016707992	0.914419712311	0.978815365169	0.915841673081	0.882501290342	0.9293527487	0.93459271974	0.942954976026	0.957766193947	0.896106501284	0.8753927204	0.91267575604	0.895409753889	0.906902362329	0.84526752725
MM941M	0.90761010769	0.886167225334	0.879914481423	0.850654801675	0.879757901205	0.888759577455	0.907072104674	0.872005222249	0.9186157835	0.880549556104	0.887540000987	0.830777398651	0.836305739711	0.85945284926	0.827189626615	0.907902582243	0.913290023428	0.875420663223	0.972448471701	0.909098436845	0.895495422454	0.893899014979	0.852365767653	0.864132876485	0.920274521451	0.960292294304	0.926266077637	0.866172030965	0.897180878882	0.809726857342	0.883571697245	0.857064421322	0.812948958427	0.831100922366	0.0	0.731883013301	0.893465089196	0.906992781799	0.903285356756	0.842864212445	0.843780919363	0.931857955133	0.845778429681	0.865196251918	0.886999261258	0.846190980093	0.921406322826	0.892466526488	0.881893459908	0.849224610105	0.863744034253	0.900448630524	0.893367830949	0.840228869126	0.898373891329	0.823452469142	0.834770795689	0.863029491718	0.881403432614	0.935709918321	0.833644747912
MM936M	0.832033551346	0.857954594348	0.877350375781	0.847098516206	0.810296409207	0.84933615301	0.867722403463	0.835204370604	0.881786962962	0.837209561425	0.810478706513	0.843091644841	0.815847508614	0.854553874125	0.837228057534	0.905969778191	0.847750969484	0.826217916799	0.910385777981	0.917813458704	0.790112161596	0.872533696489	0.827110860523	0.815129952126	0.866937573921	0.88856740257	0.853540181886	0.813862092846	0.813826552823	0.775948257803	0.842758939399	0.844921454296	0.785235657861	0.764312812934	0.731883013301	0.0	0.857294847138	0.861229861151	0.824172460123	0.819161888674	0.860015468609	0.913906230442	0.820342299071	0.815212369773	0.852389044136	0.764052179802	0.896061982234	0.820511651504	0.881629095535	0.832717387036	0.831539374549	0.863072035002	0.859301540559	0.883488271925	0.84141272024	0.793957573966	0.776160783167	0.800710735409	0.853141286225	0.932380249983	0.771821454324
MMS706	0.669368482183	0.683684295596	0.710968057687	0.720609668443	0.857486744909	0.675754916348	0.695595655487	0.692987981428	0.713673458738	0.706970790351	0.678330818997	0.607108527173	0.688545883634	0.705638148743	0.672241027237	0.704955392806	0.707634620384	0.720494136938	0.722062588291	0.686674995791	0.664945853869	0.659698266691	0.711771888486	0.610832208959	0.643106305265	0.681987942655	0.637938874225	0.606904109696	0.626299885569	0.552227567101	0.637920065826	0.653656136954	0.6640060113	0.92069046798	0.893465089196	0.857294847138	0.0	0.629935675972	0.705735412545	0.742410508262	0.741490256565	0.715392992949	0.721103093047	0.736745977031	0.780573980933	0.650972003803	0.906785249128	0.657639685828	0.729994154771	0.654948069419	0.651328600331	0.708101348922	0.661688150588	0.904151050204	0.678569387178	0.713698343941	0.60792743445	0.633763705013	0.687605557742	0.779900918972	0.660560034098
MMS707	0.748877903335	0.793146924606	0.708502207173	0.810074791586	0.924993861912	0.78424125454	0.72772938974	0.767213498035	0.641207919857	0.763495157639	0.728480126234	0.57507031018	0.779386452026	0.767967535409	0.74690200489	0.715866093444	0.730820111292	0.760189344055	0.797670436996	0.795800435621	0.723742326416	0.702264650589	0.771710250267	0.704839587675	0.736795800152	0.61076605109	0.612838221364	0.637868977	0.653278389089	0.576793760795	0.770430751164	0.705559326938	0.737750940315	0.949936432207	0.906992781799	0.861229861151	0.629935675972	0.0	0.762723822403	0.768438607529	0.814904727598	0.743298483713	0.809946927682	0.789013159805	0.848955451484	0.730446120119	0.910193414063	0.751455574769	0.73095370446	0.691428798712	0.731485256258	0.733200289394	0.775182372241	0.935120817825	0.772875240066	0.764626995671	0.687462102354	0.735721890128	0.716878124044	0.869952670644	0.73455019349
MMS704	0.709972347645	0.676658026728	0.785461235375	0.761744712507	0.853636999941	0.695193414088	0.789143156398	0.752450136077	0.780844553216	0.748604371856	0.721590560331	0.70486881478	0.662810317233	0.710002979836	0.663479573493	0.811356048854	0.709722998997	0.709513517365	0.750199489287	0.76194687772	0.7099575395	0.760603800086	0.667323321643	0.698869655919	0.711920785911	0.770142659633	0.748312311405	0.660033501813	0.676481428587	0.661019666133	0.720082402707	0.664784000164	0.685304608062	0.907057165823	0.903285356756	0.824172460123	0.705735412545	0.762723822403	0.0	0.723431879561	0.742134693879	0.821048046238	0.76578305754	0.661958367859	0.743106422981	0.705190152188	0.910182832773	0.725457658648	0.765403601593	0.699610421258	0.697851330436	0.725280614552	0.686228819802	0.908962646397	0.722970591824	0.65884028937	0.68966282761	0.691971811138	0.702566653989	0.734887500797	0.629979025686
MMS705	0.714576197124	0.745726379681	0.733226269757	0.714008701716	0.889683833584	0.74214779048	0.761503490533	0.725953008716	0.72987542986	0.660283099036	0.694843719224	0.694539696529	0.693880423153	0.725881767003	0.759652280834	0.807227637219	0.71330810835	0.766310120024	0.753678628383	0.806045293802	0.704878447826	0.763350575057	0.7190127208	0.70368566768	0.768666316611	0.771385824198	0.7193066862	0.675177726606	0.715900526216	0.671914298211	0.755166824793	0.738236968628	0.662581532526	0.885173889259	0.842864212445	0.819161888674	0.742410508262	0.768438607529	0.723431879561	0.0	0.801999877189	0.799118295678	0.738647329378	0.782645586628	0.811336813295	0.654532409754	0.841592622991	0.746706421015	0.729814060517	0.623505116946	0.714149942344	0.605744071516	0.715708444405	0.836345985466	0.674684474316	0.695758654749	0.659189580782	0.688250631721	0.690267358049	0.787710360122	0.687650454891
MMS702	0.746693350289	0.65709596075	0.795144349621	0.682976557057	0.836711217927	0.651340004213	0.840275046043	0.640852425025	0.823992887643	0.77417575195	0.706552640693	0.717227737069	0.562412016987	0.671709795024	0.648443234641	0.857398525042	0.755776252758	0.635525582916	0.768761654108	0.809419240003	0.752735996314	0.794472388005	0.730187065401	0.739935446891	0.710698073039	0.844236265712	0.801074051047	0.723253267886	0.740312462592	0.68850606259	0.71969971225	0.676355597903	0.677733838469	0.862666302975	0.843780919363	0.860015468609	0.741490256565	0.814904727598	0.742134693879	0.801999877189	0.0	0.811145596125	0.702376063422	0.557606254455	0.745102260526	0.704085306479	0.957769545397	0.721722148692	0.771848489842	0.709450483674	0.761100926914	0.795965559889	0.772279436429	0.853122958099	0.754233483728	0.716356890323	0.69413130336	0.728358073749	0.726081983333	0.576328763902	0.653067359926
MMS703	0.771214415804	0.83105838803	0.626104524635	0.82646222112	0.944685422449	0.809229577556	0.597154832746	0.806154009039	0.784378507687	0.80824129058	0.774810600658	0.727855191274	0.81442450489	0.859756387211	0.851819533408	0.638803550706	0.776806961935	0.821958980942	0.790517609811	0.729563596842	0.809091674483	0.588317351795	0.788606701632	0.750733548724	0.822741416793	0.802576708128	0.735616181858	0.691186310998	0.75766037651	0.689672054139	0.827075319735	0.801078935929	0.758213569317	0.986545898866	0.931857955133	0.913906230442	0.715392992949	0.743298483713	0.821048046238	0.799118295678	0.811145596125	0.0	0.843707820628	0.860740469672	0.899678720341	0.782046996154	0.935361491412	0.780610630939	0.713636769403	0.778749764463	0.755889002525	0.769725699427	0.821799281478	0.952670162118	0.813187313367	0.779098815804	0.736526214271	0.799056307884	0.775374208301	0.888236817297	0.764128573855
MMS700	0.726613855289	0.680552887873	0.773026982489	0.693087509645	0.885803859034	0.652850905213	0.849498422321	0.642263279229	0.826606498047	0.757841525179	0.679517571882	0.702726913768	0.709710618961	0.705770397822	0.733852748075	0.871151510374	0.740391081126	0.718464310436	0.778740573338	0.828514351839	0.694045212859	0.792387378143	0.7359749622	0.655417809704	0.692215394858	0.801334470505	0.764597076673	0.692701346978	0.688789963271	0.670503096069	0.702380078428	0.651715062971	0.577237734645	0.898771984672	0.845778429681	0.820342299071	0.721103093047	0.809946927682	0.76578305754	0.738647329378	0.702376063422	0.843707820628	0.0	0.708627545292	0.79633872046	0.595341423724	0.939301017954	0.729516824741	0.792184176994	0.662183781901	0.704522169299	0.717195379085	0.737699248136	0.738026039129	0.744313188868	0.716509054296	0.636451121664	0.70335896483	0.72381579154	0.732750384618	0.641850152974
