	MMS930	MMS925	MMS911	MMS920	MM933M	MMS922	MMS910	MMS923	MMS715	MMS714	MMS717	MMS716	MMS711	MMS710	MMS713	MMS712	MMS944	MMS921	MMS942	MMS943	MMS908	MMS909	MMS928	MMS929	MMS900	MMS901	MMS902	MMS903	MMS904	MMS905	MMS906	MMS907	MMS919	MM943M	MM941M	MM936M	MMS706	MMS707	MMS704	MMS705	MMS702	MMS703	MMS700	MMS701	MMS708	MMS709	MMS917	MMS939	MMS938	MMS916	MMS931	MMS915	MMS932	MMS918	MMS914	MM9362CU	MMS913	MMS890	MMS891	MMS924	MMS912
MMS930	0.0	0.380418228223	0.403367787697	0.355498277034	0.51880134366	0.329159225127	0.387760365354	0.360003134276	0.432845337342	0.405140468392	0.29570108329	0.33206107893	0.367971154489	0.373545252949	0.380657482741	0.416288665494	0.252941985091	0.384676199498	0.312736447738	0.408212770131	0.281898336247	0.34640028986	0.308307200005	0.235248819112	0.386937878516	0.397877012562	0.340649573184	0.297903390387	0.29291962743	0.317462305466	0.320287534924	0.30474069298	0.328216949905	0.549658969793	0.54308519358	0.487792579781	0.33468395998	0.411612367184	0.378225599894	0.386002575128	0.3887076659	0.417509480342	0.373358803668	0.392618438065	0.428788608113	0.339368082506	0.595792986365	0.289048534798	0.297312981175	0.302790485098	0.273068513622	0.368321497942	0.267972135543	0.623809312523	0.361738252273	0.297059174316	0.280721141041	0.232910532451	0.29344392143	0.418162650133	0.315525953127
MMS925	0.380418228223	0.0	0.391457367864	0.309889516743	0.46418507288	0.27543289685	0.425189238619	0.291391661572	0.447305889073	0.36481157479	0.287839594117	0.327726473708	0.26702634268	0.342028672478	0.304191825638	0.450089112322	0.357865444776	0.290610483526	0.365129673807	0.400933170469	0.33170914923	0.392363937396	0.297201613842	0.302332585059	0.329568827567	0.384194299953	0.39101990198	0.325773035178	0.316355221327	0.299700869806	0.332414442585	0.281857283282	0.299607865662	0.536941675272	0.528767695009	0.495928634064	0.345821223769	0.415199081277	0.324384211145	0.357025132132	0.311643367996	0.446657999127	0.341897101745	0.281274061087	0.358599140924	0.317067377661	0.528087996007	0.333632443254	0.362080705925	0.302944962646	0.361781730811	0.385479622498	0.358689872052	0.489240067719	0.358681132866	0.354090881289	0.312944848222	0.325049349345	0.333777319834	0.280778770699	0.281763352905
MMS911	0.403367787697	0.391457367864	0.0	0.386108290167	0.535104293971	0.402413264094	0.282778957095	0.381848573869	0.33118294854	0.33680925648	0.361356137725	0.338293129467	0.398873580588	0.417757728656	0.396311610328	0.275891284361	0.394348886236	0.398052754262	0.411241990019	0.326922906393	0.403472299028	0.297311598809	0.40273025623	0.401914477944	0.401934375433	0.357894431222	0.31008969297	0.347581057344	0.348451249109	0.307692580589	0.422320149466	0.382042019314	0.342990271316	0.581378072769	0.529113556966	0.51760907292	0.368540085275	0.346092232178	0.403279597862	0.357479911295	0.431443507029	0.29268928635	0.411500515344	0.452816787333	0.474442292917	0.383126550848	0.454727102137	0.388263999589	0.339089882509	0.336998668136	0.387857900552	0.362419432677	0.394824143659	0.519120467245	0.365797557261	0.418852193288	0.351649372296	0.389065022429	0.378067673194	0.466937626632	0.377966237269
MMS920	0.355498277034	0.309889516743	0.386108290167	0.0	0.498711325112	0.304726914497	0.427901804946	0.267740273658	0.413608507914	0.340350693756	0.308896228346	0.302792821216	0.301015018283	0.320891690541	0.317402677834	0.439295528038	0.303874614996	0.254015698397	0.385339757336	0.397632081508	0.325332104353	0.40147227207	0.338107215872	0.35097679764	0.400355596028	0.406747007063	0.369901278357	0.34687968693	0.364608932352	0.315396671617	0.333900126919	0.318332041962	0.323943809637	0.496752195267	0.489623289969	0.500010483558	0.372335434335	0.428798004532	0.381140958872	0.346139167824	0.326982054114	0.441415942029	0.353544696801	0.361254131778	0.408835504875	0.297777236022	0.500827363636	0.307913665823	0.365816053987	0.288184651402	0.36825298985	0.373782191477	0.364814935989	0.518015179498	0.346974460725	0.393805634363	0.301402366727	0.338329023698	0.327514006933	0.34554431613	0.323819985571
MM933M	0.51880134366	0.46418507288	0.535104293971	0.498711325112	0.0	0.47499559941	0.539533603341	0.494424837867	0.536133148968	0.49836034828	0.504672690663	0.50038508199	0.47962807927	0.468943541609	0.489806670258	0.544649744179	0.490043579097	0.482515480798	0.483872729902	0.514237966254	0.490709537108	0.543242536755	0.487404984363	0.4933623111	0.474045447825	0.540139557883	0.530546506274	0.49270388307	0.481451714794	0.473035720123	0.498839833544	0.45726995282	0.468802603778	0.449954720825	0.471529862571	0.436875812991	0.507017247483	0.539123685932	0.468624447435	0.505114368759	0.46705415633	0.558806073366	0.510798734918	0.451779232817	0.487085647625	0.499060985541	0.635588697519	0.501250189785	0.506476910558	0.481415280654	0.453549479834	0.484610797323	0.481242359621	0.561204517543	0.507126313745	0.453842612949	0.474926974269	0.478185607366	0.482300017023	0.536082971603	0.463833358666
MMS922	0.329159225127	0.27543289685	0.402413264094	0.304726914497	0.47499559941	0.0	0.447473966205	0.260391496632	0.415178121131	0.35124615089	0.294378804713	0.342835502908	0.300200119629	0.283141139757	0.33489546467	0.449865808216	0.329879236357	0.271827104772	0.368461827276	0.394657289367	0.313820264532	0.398184012087	0.322634211497	0.303040196697	0.369624591609	0.395631938388	0.379901893002	0.336813907543	0.323912693065	0.305192119243	0.30715165367	0.285750332787	0.286851170057	0.524104835183	0.520919198077	0.503020073175	0.328614976636	0.429051380433	0.347503999164	0.376887268623	0.31795151288	0.439032729033	0.313710896582	0.303733224485	0.390258202572	0.275721367642	0.514096259839	0.335757767173	0.365543767962	0.295864484435	0.340197330072	0.390435314074	0.331803637658	0.489839645752	0.331323873661	0.342501937548	0.289888833364	0.31284282373	0.323354198537	0.322130308544	0.285344712081
MMS910	0.387760365354	0.425189238619	0.282778957095	0.427901804946	0.539533603341	0.447473966205	0.0	0.408642057812	0.37798709241	0.406095300424	0.3920297307	0.351860392523	0.440466448962	0.451514339274	0.448579484173	0.248574071766	0.409920297716	0.437739118407	0.390043598219	0.353724810525	0.428274377503	0.257987106437	0.421926207161	0.387792915415	0.439349734819	0.394168241823	0.309118770373	0.345987959844	0.387719592862	0.354916845412	0.424178486388	0.407979932742	0.394684803797	0.590082199954	0.543900742991	0.506225380139	0.365815871015	0.370927480721	0.416093081992	0.377094286341	0.463766214826	0.24883450259	0.465059002807	0.489566048211	0.503965367012	0.429146890065	0.524639696437	0.407048779626	0.321666130364	0.381406224834	0.387338452359	0.356514684758	0.400632604579	0.579590184179	0.401139334381	0.426996924763	0.391831743326	0.399495370791	0.393928664008	0.493030253941	0.423709972982
MMS923	0.360003134276	0.291391661572	0.381848573869	0.267740273658	0.494424837867	0.260391496632	0.408642057812	0.0	0.388076383442	0.354313288603	0.298493304081	0.303356542661	0.288161850129	0.297832007913	0.327635775751	0.439701570863	0.312146711738	0.267587629859	0.358941261585	0.401490082777	0.324301330005	0.398366889904	0.329736308126	0.319983431241	0.323540986079	0.368081458621	0.358118695022	0.338008224586	0.325146208083	0.3176353082	0.3031277346	0.282342868636	0.268243356428	0.50640989899	0.500175887424	0.475153828727	0.341815104139	0.404976881069	0.381335183002	0.357491767052	0.301445406999	0.437937016129	0.305443779443	0.34054799491	0.356081604851	0.299246376267	0.479413684544	0.339653322315	0.363332395678	0.292393769125	0.350808874106	0.384587894829	0.343293262708	0.460036579455	0.366344985583	0.377981880911	0.309025360846	0.314371648462	0.335140282933	0.332158284847	0.32208298939
MMS715	0.432845337342	0.447305889073	0.33118294854	0.413608507914	0.536133148968	0.415178121131	0.37798709241	0.388076383442	0.0	0.373957261769	0.405025288009	0.334134800727	0.428852757028	0.393982940476	0.417213827222	0.379273782313	0.420848715013	0.389506362588	0.429925467807	0.414563856753	0.431251151211	0.374831860999	0.433017976038	0.433129628486	0.410481707079	0.322557544631	0.280621741684	0.369368791339	0.378669038839	0.320003921337	0.446986750085	0.406831912067	0.39858991749	0.557204786311	0.555950879338	0.525311290878	0.378003186333	0.314547739608	0.404652600264	0.371300273519	0.465224012387	0.403852768166	0.458107099169	0.484922700095	0.487716777069	0.429668523892	0.435406697656	0.444237057015	0.373253465405	0.372985298953	0.391259745749	0.34059297347	0.420190705348	0.522000148598	0.39533209927	0.446953115895	0.402751600233	0.420096948875	0.418624770777	0.488560148696	0.424026642801
MMS714	0.405140468392	0.36481157479	0.33680925648	0.340350693756	0.49836034828	0.35124615089	0.406095300424	0.354313288603	0.373957261769	0.0	0.322997856485	0.371009601006	0.364811431805	0.372577782321	0.332771410559	0.413312507571	0.378044937185	0.359472299473	0.427181724598	0.39405057396	0.358943895804	0.422896045872	0.384027997568	0.38528740524	0.399409112018	0.394275723119	0.365353799171	0.371443638785	0.385292533919	0.30389306074	0.394733994194	0.360494019333	0.368942349247	0.522286409149	0.513168570404	0.480560368101	0.369696465135	0.400737442806	0.374605902841	0.306750285037	0.418286448314	0.422271417283	0.40990731013	0.422388140945	0.422021577667	0.311333136665	0.363477423203	0.351671938142	0.382285839123	0.310077992325	0.407717702644	0.374086949973	0.369233872958	0.514106531273	0.345142488303	0.417760000194	0.334872850155	0.360952797247	0.358701461719	0.421552523677	0.355254398135
MMS717	0.29570108329	0.287839594117	0.361356137725	0.308896228346	0.504672690663	0.294378804713	0.3920297307	0.298493304081	0.405025288009	0.322997856485	0.0	0.29722862399	0.304729050853	0.323008122486	0.316492625456	0.423580566186	0.267391188071	0.315549496044	0.321953083835	0.397685088065	0.242950587617	0.362952531636	0.274624815837	0.270644445142	0.34841630689	0.355406851692	0.310648288639	0.302264415082	0.277546254527	0.261721237964	0.285172708915	0.288776448985	0.292851139854	0.500468599263	0.531196187659	0.46855413179	0.32947626899	0.373944900587	0.361567176649	0.348195817789	0.35253162495	0.420293324523	0.329371986372	0.341741159474	0.378635253342	0.279455119343	0.529089460756	0.263499530477	0.315538034177	0.243289882712	0.301347782923	0.37554103433	0.281342035883	0.530778052966	0.333391408416	0.335504628406	0.249308775903	0.241950335045	0.266356240259	0.349571841607	0.263107537291
MMS716	0.33206107893	0.327726473708	0.338293129467	0.302792821216	0.50038508199	0.342835502908	0.351860392523	0.303356542661	0.334134800727	0.371009601006	0.29722862399	0.0	0.345302021626	0.334725830522	0.328494205933	0.379975073888	0.31421338317	0.316822340617	0.346471049318	0.373063358261	0.316675575102	0.334318634225	0.346487208367	0.316289265859	0.346073375088	0.316534494747	0.269418291654	0.293347080043	0.29650877808	0.233354607237	0.323344598032	0.316444820899	0.290267218171	0.534594666298	0.499310546931	0.500356267429	0.293390114917	0.275075638547	0.349997918026	0.338195047147	0.367064050528	0.372010580894	0.347624625383	0.378938459129	0.438741584887	0.3167759648	0.504469002206	0.32958872938	0.299919907557	0.27126194144	0.324759165997	0.350961409817	0.322607650128	0.508980009847	0.331137484105	0.359213259605	0.29917231053	0.296140107797	0.319007674452	0.384998464488	0.326020915061
MMS711	0.367971154489	0.26702634268	0.398873580588	0.301015018283	0.47962807927	0.300200119629	0.440466448962	0.288161850129	0.428852757028	0.364811431805	0.304729050853	0.345302021626	0.0	0.288993846689	0.275933585141	0.446126102914	0.375882473131	0.300563956198	0.387656401295	0.414175427653	0.363978727911	0.404865814579	0.322509172522	0.33796510119	0.345021985172	0.415788104852	0.390185468647	0.345453177513	0.36332503651	0.321074435846	0.307570397508	0.303508131281	0.312135134183	0.490014127729	0.487316504762	0.475503192329	0.352897715912	0.418394346701	0.324101555454	0.339891346444	0.245173146708	0.444089725123	0.357170189623	0.269811185946	0.350655179303	0.309187550803	0.524372945384	0.346364631254	0.376394722647	0.297815893758	0.389497888209	0.391684818971	0.387718618342	0.462816733212	0.320694869052	0.352763498409	0.315661946707	0.351820212308	0.353020775016	0.248142118115	0.277425311834
MMS710	0.373545252949	0.342028672478	0.417757728656	0.320891690541	0.468943541609	0.283141139757	0.451514339274	0.297832007913	0.393982940476	0.372577782321	0.323008122486	0.334725830522	0.288993846689	0.0	0.301615528023	0.47675814534	0.360084534836	0.292089529712	0.392162374824	0.400739724021	0.340011917368	0.426135728607	0.366516533008	0.335307208216	0.368449454053	0.374159092116	0.36548687671	0.343943510744	0.333725967877	0.299468691391	0.355763084859	0.30420610804	0.292315786137	0.450460592334	0.498384347614	0.497240280371	0.353072901242	0.409139606537	0.344801886455	0.356805147039	0.311490183704	0.472477377713	0.351207051427	0.306788701972	0.389226486426	0.330540304216	0.535433989625	0.354235507326	0.375362919663	0.325355967596	0.36752711464	0.388780366947	0.361632965458	0.484029708579	0.336224990762	0.368197072264	0.338821517582	0.347800193878	0.3614518537	0.335880345633	0.305454177146
MMS713	0.380657482741	0.304191825638	0.396311610328	0.317402677834	0.489806670258	0.33489546467	0.448579484173	0.327635775751	0.417213827222	0.332771410559	0.316492625456	0.328494205933	0.275933585141	0.301615528023	0.0	0.432853331723	0.365786509426	0.300313761882	0.398204861882	0.40300335308	0.325869581095	0.398881266724	0.339052116018	0.345572151904	0.344827359197	0.373359847444	0.36763152192	0.324161384299	0.378490233092	0.298348439862	0.360339650267	0.296166110104	0.336473445557	0.511531942399	0.483906003624	0.48452531556	0.3577334055	0.403380765094	0.33466282585	0.380604573814	0.304912820888	0.477120430817	0.374308595024	0.300687249978	0.348045527009	0.343997455924	0.464559073513	0.361167089914	0.373974531641	0.308739828159	0.376552693999	0.40063404081	0.342195472735	0.492759863808	0.282579800592	0.369189856584	0.308248500936	0.340509161004	0.338211639318	0.311763124513	0.289872437844
MMS712	0.416288665494	0.450089112322	0.275891284361	0.439295528038	0.544649744179	0.449865808216	0.248574071766	0.439701570863	0.379273782313	0.413312507571	0.423580566186	0.379975073888	0.446126102914	0.47675814534	0.432853331723	0.0	0.425911180139	0.441949547131	0.423594270584	0.294956366879	0.461626985803	0.288504622583	0.430778233333	0.39344310689	0.452729328487	0.400458496279	0.342129243404	0.374320937111	0.400707682938	0.374531393197	0.444457914379	0.4055490264	0.40955327777	0.578563832548	0.553300910569	0.537637066483	0.365104567162	0.356381617261	0.427601985702	0.407162461864	0.477876657818	0.272513764879	0.485764307607	0.492815077232	0.4964322521	0.441345967509	0.526929170734	0.424802049647	0.369642169403	0.406118689155	0.411298483885	0.390572093032	0.427278687034	0.588757452325	0.361225556684	0.441950975078	0.408814574787	0.430989423653	0.404727759783	0.504641785054	0.420972002487
MMS944	0.252941985091	0.357865444776	0.394348886236	0.303874614996	0.490043579097	0.329879236357	0.409920297716	0.312146711738	0.420848715013	0.378044937185	0.267391188071	0.31421338317	0.375882473131	0.360084534836	0.365786509426	0.425911180139	0.0	0.343479304129	0.333624337102	0.386080324116	0.26575737129	0.368820795473	0.296069550467	0.263115436734	0.3773304041	0.368661806622	0.349400191778	0.300189208027	0.284483356503	0.30947302906	0.305219896504	0.307884020846	0.295436482355	0.501507262319	0.528528420852	0.488197731102	0.344193742086	0.382229440284	0.358603126289	0.364891485279	0.376749264216	0.422205844034	0.367399626345	0.375564725436	0.407811019972	0.320076661837	0.563590489676	0.268354935537	0.313369312521	0.288174404801	0.290499997488	0.386493219733	0.278097391186	0.584052106761	0.369866094903	0.325107173433	0.268790632837	0.250320946824	0.266034792758	0.380686949349	0.308528227206
MMS921	0.384676199498	0.290610483526	0.398052754262	0.254015698397	0.482515480798	0.271827104772	0.437739118407	0.267587629859	0.389506362588	0.359472299473	0.315549496044	0.316822340617	0.300563956198	0.292089529712	0.300313761882	0.441949547131	0.343479304129	0.0	0.394594973784	0.393332636678	0.349527938706	0.40918505631	0.351832024575	0.37084902203	0.380842596535	0.377542645269	0.385169288564	0.360977207787	0.353115123346	0.310552741256	0.356609365769	0.314647895961	0.315167784557	0.483509214845	0.518717887196	0.48345984001	0.36972104383	0.407616805262	0.342673632493	0.384089279369	0.311977483325	0.440601134871	0.366011485222	0.308503352903	0.389235180747	0.316632096631	0.496216702887	0.318500908995	0.37862238926	0.322256474808	0.39069071709	0.412676709736	0.373980341477	0.511146561403	0.327572943887	0.381020421875	0.322153451889	0.358903439574	0.3383924164	0.326396211914	0.314619672369
MMS942	0.312736447738	0.365129673807	0.411241990019	0.385339757336	0.483872729902	0.368461827276	0.390043598219	0.358941261585	0.429925467807	0.427181724598	0.321953083835	0.346471049318	0.387656401295	0.392162374824	0.398204861882	0.423594270584	0.333624337102	0.394594973784	0.0	0.412706823604	0.334207439705	0.379897449405	0.336383631281	0.308057250255	0.36619476405	0.401242877027	0.343332052866	0.330349570238	0.329538251154	0.340941409053	0.349085723825	0.340741424742	0.351246580589	0.559251470704	0.577388589026	0.537200040372	0.351946191905	0.423670758963	0.379831159091	0.389554795435	0.396768896043	0.413737948121	0.394902625204	0.397752056632	0.444380517721	0.391071709735	0.621623020999	0.325346458322	0.338701247798	0.321921935826	0.304183964358	0.348251605759	0.283082450485	0.610957677235	0.37458734349	0.344615648098	0.322284780433	0.305816450142	0.319743222212	0.40863942653	0.326670688304
MMS943	0.408212770131	0.400933170469	0.326922906393	0.397632081508	0.514237966254	0.394657289367	0.353724810525	0.401490082777	0.414563856753	0.39405057396	0.397685088065	0.373063358261	0.414175427653	0.400739724021	0.40300335308	0.294956366879	0.386080324116	0.393332636678	0.412706823604	0.0	0.413881085254	0.365296229965	0.399435722642	0.353076070425	0.421438962756	0.411707669117	0.365453064834	0.350377892789	0.391616525902	0.333517217382	0.403742351904	0.400237238264	0.3949745327	0.512412649356	0.549624301483	0.547595387281	0.337336803628	0.408049523352	0.392853887733	0.408342738519	0.431037892196	0.36727949087	0.454023219748	0.433671058787	0.468131752154	0.424041932478	0.5477513994	0.381105385443	0.354551174567	0.366116156825	0.376985034458	0.412482541966	0.387051431907	0.595625965988	0.387517089123	0.431543314226	0.358714008561	0.378070208574	0.393273938065	0.458254660706	0.398759882602
MMS908	0.281898336247	0.33170914923	0.403472299028	0.325332104353	0.490709537108	0.313820264532	0.428274377503	0.324301330005	0.431251151211	0.358943895804	0.242950587617	0.316675575102	0.363978727911	0.340011917368	0.325869581095	0.461626985803	0.26575737129	0.349527938706	0.334207439705	0.413881085254	0.0	0.40131824301	0.281767312238	0.273110590733	0.363507152842	0.380203287523	0.321559145042	0.302199732808	0.275522120975	0.274529523025	0.281077061795	0.303199786107	0.299626961754	0.516834369581	0.524146510119	0.455722328648	0.329083657251	0.393599164127	0.371120681465	0.363156208864	0.392378096819	0.456803577045	0.349796787756	0.376345983645	0.372900018181	0.27664589729	0.523854387309	0.284006209916	0.330257820013	0.299115799034	0.327940929997	0.400719862956	0.284056909443	0.539721450349	0.364056269677	0.360485865207	0.253121239279	0.245143168765	0.282467497177	0.410695682962	0.296703570583
MMS909	0.34640028986	0.392363937396	0.297311598809	0.40147227207	0.543242536755	0.398184012087	0.257987106437	0.398366889904	0.374831860999	0.422896045872	0.362952531636	0.334318634225	0.404865814579	0.426135728607	0.398881266724	0.288504622583	0.368820795473	0.40918505631	0.379897449405	0.365296229965	0.40131824301	0.0	0.388445269122	0.34244634826	0.375793071624	0.374289921156	0.32695964494	0.30319791848	0.33957544556	0.312364767558	0.393712685378	0.386106743063	0.347570634897	0.563175937192	0.53338760356	0.515089644854	0.327783429808	0.336391896815	0.387805249178	0.389175486649	0.428066446723	0.250319081881	0.415967341895	0.439397047849	0.485108580143	0.407487487987	0.551156829874	0.36083135082	0.309700113949	0.362640239229	0.348202422738	0.364513014699	0.370063016528	0.564066480077	0.382644548779	0.390511858591	0.354395840934	0.353571181046	0.362268114786	0.453578854125	0.356438740638
MMS928	0.308307200005	0.297201613842	0.40273025623	0.338107215872	0.487404984363	0.322634211497	0.421926207161	0.329736308126	0.433017976038	0.384027997568	0.274624815837	0.346487208367	0.322509172522	0.366516533008	0.339052116018	0.430778233333	0.296069550467	0.351832024575	0.336383631281	0.399435722642	0.281767312238	0.388445269122	0.0	0.252470379357	0.369882230315	0.372380185175	0.364876505615	0.328713808113	0.318675063527	0.298906440319	0.290908012435	0.271015935471	0.293701672496	0.528030223637	0.499410176346	0.469906780295	0.350529284092	0.402986024455	0.313530537805	0.359243236522	0.370029518621	0.436418103941	0.364554516578	0.358792131685	0.359335190067	0.308777348746	0.513968418802	0.287953494528	0.314653792018	0.295547541307	0.322275703679	0.383147511169	0.28477999782	0.532975952599	0.37719384692	0.334581199161	0.306160330192	0.246615311173	0.283095014722	0.357442282276	0.280024039352
MMS929	0.235248819112	0.302332585059	0.401914477944	0.35097679764	0.4933623111	0.303040196697	0.387792915415	0.319983431241	0.433129628486	0.38528740524	0.270644445142	0.316289265859	0.33796510119	0.335307208216	0.345572151904	0.39344310689	0.263115436734	0.37084902203	0.308057250255	0.353076070425	0.273110590733	0.34244634826	0.252470379357	0.0	0.348415000515	0.362523090616	0.325799724643	0.26672826845	0.278970358032	0.285547285872	0.271377961396	0.268975098246	0.278834910189	0.513959922966	0.507782145022	0.467918115201	0.286379026881	0.374227709799	0.354512962258	0.361101830774	0.377153084834	0.414046073062	0.324721423809	0.336499721808	0.381637094101	0.288713810429	0.565753913143	0.278482476525	0.31118246942	0.298246009492	0.293929889673	0.363179108646	0.269526185123	0.530131947265	0.356209615992	0.313009156236	0.264065646237	0.230184265277	0.30368690436	0.359679441801	0.271302681644
MMS900	0.386937878516	0.329568827567	0.401934375433	0.400355596028	0.474045447825	0.369624591609	0.439349734819	0.323540986079	0.410481707079	0.399409112018	0.34841630689	0.346073375088	0.345021985172	0.368449454053	0.344827359197	0.452729328487	0.3773304041	0.380842596535	0.36619476405	0.421438962756	0.363507152842	0.375793071624	0.369882230315	0.348415000515	0.0	0.374918511397	0.373651998985	0.324714138968	0.322346599694	0.302669277755	0.355537063534	0.339796248322	0.31382778581	0.566635610215	0.553138882574	0.497098730462	0.314240124086	0.368536458436	0.348941110994	0.379604172035	0.349630545101	0.440436928619	0.337317004993	0.358246503007	0.308911323409	0.379908031872	0.534427117747	0.380934052536	0.370410472334	0.36073436337	0.361155616841	0.367650050263	0.369149724976	0.467968335516	0.400405102093	0.416741240713	0.343861387204	0.38002365098	0.356461704804	0.377484193542	0.336768561713
MMS901	0.397877012562	0.384194299953	0.357894431222	0.406747007063	0.540139557883	0.395631938388	0.394168241823	0.368081458621	0.322557544631	0.394275723119	0.355406851692	0.316534494747	0.415788104852	0.374159092116	0.373359847444	0.400458496279	0.368661806622	0.377542645269	0.401242877027	0.411707669117	0.380203287523	0.374289921156	0.372380185175	0.362523090616	0.374918511397	0.0	0.292236724862	0.314086965757	0.343396856666	0.294038347039	0.392296441592	0.353584366081	0.346665569856	0.578332544307	0.58218235148	0.525585298005	0.339524614527	0.273258432258	0.385407252202	0.387439619383	0.45332031693	0.419610228355	0.414059956455	0.425864624526	0.442248271623	0.414043543456	0.497294182111	0.377686615743	0.353121669939	0.358528401428	0.374046922479	0.352765113185	0.385985821076	0.55805424336	0.370344111825	0.418686335985	0.377935059679	0.373080314578	0.376672930643	0.4586543681	0.376232266814
MMS902	0.340649573184	0.39101990198	0.31008969297	0.369901278357	0.530546506274	0.379901893002	0.309118770373	0.358118695022	0.280621741684	0.365353799171	0.310648288639	0.269418291654	0.390185468647	0.36548687671	0.36763152192	0.342129243404	0.349400191778	0.385169288564	0.343332052866	0.365453064834	0.321559145042	0.32695964494	0.364876505615	0.325799724643	0.373651998985	0.292236724862	0.0	0.291861914445	0.30886455405	0.267706599987	0.355887561998	0.352558917366	0.33780202414	0.57084522985	0.564003845518	0.509579780514	0.307989528121	0.289617086893	0.381988598138	0.360668510696	0.42319370137	0.375626762975	0.394605189615	0.43323739251	0.462538895115	0.358642804867	0.492590355959	0.333605475151	0.294597164373	0.301089397434	0.330362234882	0.337060018591	0.328420598112	0.558459940132	0.346034223609	0.377093556627	0.322152790343	0.31046963709	0.336024776236	0.455485093878	0.373108760754
MMS903	0.297903390387	0.325773035178	0.347581057344	0.34687968693	0.49270388307	0.336813907543	0.345987959844	0.338008224586	0.369368791339	0.371443638785	0.302264415082	0.293347080043	0.345453177513	0.343943510744	0.324161384299	0.374320937111	0.300189208027	0.360977207787	0.330349570238	0.350377892789	0.302199732808	0.30319791848	0.328713808113	0.26672826845	0.324714138968	0.314086965757	0.291861914445	0.0	0.234164707048	0.238423402196	0.31566605971	0.302825081193	0.282759677494	0.529746515182	0.516083923836	0.476584554159	0.278178203486	0.312871193567	0.336073209627	0.34229278526	0.38071136825	0.364506090677	0.347173264795	0.348360531044	0.410246307532	0.333125792478	0.521956792715	0.29955481119	0.296882458989	0.310633800706	0.293227389747	0.345085463841	0.289063615677	0.506037486015	0.323868008522	0.302290557458	0.243805888358	0.290576701706	0.287588871434	0.368369303954	0.284838665646
MMS904	0.29291962743	0.316355221327	0.348451249109	0.364608932352	0.481451714794	0.323912693065	0.387719592862	0.325146208083	0.378669038839	0.385292533919	0.277546254527	0.29650877808	0.36332503651	0.333725967877	0.378490233092	0.400707682938	0.284483356503	0.353115123346	0.329538251154	0.391616525902	0.275522120975	0.33957544556	0.318675063527	0.278970358032	0.322346599694	0.343396856666	0.30886455405	0.234164707048	0.0	0.242745134576	0.313186550179	0.298518971468	0.268116883755	0.529527033313	0.525235160766	0.458839330961	0.295641563277	0.32629935374	0.344594338461	0.366039514433	0.388188981808	0.40337166753	0.340871184601	0.375131465218	0.418193838692	0.332872035343	0.531250331644	0.301256533596	0.317310971519	0.302123850561	0.286142022271	0.35992712815	0.304946439894	0.51177333544	0.357362659418	0.306552847694	0.271253024845	0.280653809333	0.276029515867	0.397407786105	0.305882854762
MMS905	0.317462305466	0.299700869806	0.307692580589	0.315396671617	0.473035720123	0.305192119243	0.354916845412	0.3176353082	0.320003921337	0.30389306074	0.261721237964	0.233354607237	0.321074435846	0.299468691391	0.298348439862	0.374531393197	0.30947302906	0.310552741256	0.340941409053	0.333517217382	0.274529523025	0.312364767558	0.298906440319	0.285547285872	0.302669277755	0.294038347039	0.267706599987	0.238423402196	0.242745134576	0.0	0.302619086137	0.265936767613	0.246321494664	0.503778303717	0.479803086143	0.442672745106	0.247759452393	0.277717765948	0.317871971655	0.320993549213	0.347639337891	0.366312076232	0.312117860675	0.345861067252	0.36041780065	0.295105535601	0.458415424124	0.277425461354	0.275523302688	0.265153801628	0.301478325856	0.329643435588	0.299155367648	0.4706688504	0.312651366455	0.331333421637	0.242776684164	0.261836563021	0.277463239314	0.379047249392	0.266247888746
MMS906	0.320287534924	0.332414442585	0.422320149466	0.333900126919	0.498839833544	0.30715165367	0.424178486388	0.3031277346	0.446986750085	0.394733994194	0.285172708915	0.323344598032	0.307570397508	0.355763084859	0.360339650267	0.444457914379	0.305219896504	0.356609365769	0.349085723825	0.403742351904	0.281077061795	0.393712685378	0.290908012435	0.271377961396	0.355537063534	0.392296441592	0.355887561998	0.31566605971	0.313186550179	0.302619086137	0.0	0.282089655335	0.285338853846	0.534423543933	0.512282310068	0.491187716012	0.309794232036	0.411774370349	0.363561909728	0.38186988574	0.350812455887	0.463423738398	0.335009653038	0.34379195865	0.346724094567	0.306452927378	0.587194963167	0.316734485098	0.342533005124	0.322987667649	0.354635917277	0.409099886377	0.313932583926	0.517651528482	0.386117671679	0.357724129384	0.300982275335	0.275839242515	0.321639001482	0.346900098364	0.279470229233
MMS907	0.30474069298	0.281857283282	0.382042019314	0.318332041962	0.45726995282	0.285750332787	0.407979932742	0.282342868636	0.406831912067	0.360494019333	0.288776448985	0.316444820899	0.303508131281	0.30420610804	0.296166110104	0.4055490264	0.307884020846	0.314647895961	0.340741424742	0.400237238264	0.303199786107	0.386106743063	0.271015935471	0.268975098246	0.339796248322	0.353584366081	0.352558917366	0.302825081193	0.298518971468	0.265936767613	0.282089655335	0.0	0.269117272068	0.49517661375	0.493410279451	0.495863316965	0.324440154538	0.367193602464	0.327401311055	0.380770520434	0.311860165791	0.433211387214	0.306811298602	0.304356781541	0.315255174315	0.310681300054	0.562082257869	0.303957859214	0.334707384627	0.266577153614	0.325380623901	0.348345404432	0.318284801795	0.498932264698	0.330544966046	0.341956607424	0.262085618424	0.270518415456	0.282593215657	0.337684423892	0.27875999907
MMS919	0.328216949905	0.299607865662	0.342990271316	0.323943809637	0.468802603778	0.286851170057	0.394684803797	0.268243356428	0.39858991749	0.368942349247	0.292851139854	0.290267218171	0.312135134183	0.292315786137	0.336473445557	0.40955327777	0.295436482355	0.315167784557	0.351246580589	0.3949745327	0.299626961754	0.347570634897	0.293701672496	0.278834910189	0.31382778581	0.346665569856	0.33780202414	0.282759677494	0.268116883755	0.246321494664	0.285338853846	0.269117272068	0.0	0.510177683346	0.463085104228	0.443439892079	0.315757817535	0.376943676666	0.328438645741	0.319520752287	0.330781629881	0.408469827328	0.249863116559	0.32747970253	0.354958092878	0.266689033855	0.502272796924	0.315013837231	0.296214163544	0.289986890326	0.33421446389	0.33315498901	0.331149733207	0.396018848411	0.332597988597	0.340105124259	0.280500223579	0.295734540764	0.307203634656	0.344815672679	0.266590368436
MM943M	0.549658969793	0.536941675272	0.581378072769	0.496752195267	0.449954720825	0.524104835183	0.590082199954	0.50640989899	0.557204786311	0.522286409149	0.500468599263	0.534594666298	0.490014127729	0.450460592334	0.511531942399	0.578563832548	0.501507262319	0.483509214845	0.559251470704	0.512412649356	0.516834369581	0.563175937192	0.528030223637	0.513959922966	0.566635610215	0.578332544307	0.57084522985	0.529746515182	0.529527033313	0.503778303717	0.534423543933	0.49517661375	0.510177683346	0.0	0.45666920316	0.402891740252	0.544326298118	0.55863087463	0.522884090053	0.512599340983	0.482259394221	0.59888984276	0.514735501899	0.488558821291	0.527109381412	0.502043742422	0.609252649007	0.512545607413	0.581090537887	0.527414308674	0.511943563301	0.545326927861	0.543592923941	0.565476410597	0.557310793975	0.522344089339	0.495387982113	0.525953990601	0.50851436907	0.533190455776	0.474532191702
MM941M	0.54308519358	0.528767695009	0.529113556966	0.489623289969	0.471529862571	0.520919198077	0.543900742991	0.500175887424	0.555950879338	0.513168570404	0.531196187659	0.499310546931	0.487316504762	0.498384347614	0.483906003624	0.553300910569	0.528528420852	0.518717887196	0.577388589026	0.549624301483	0.524146510119	0.53338760356	0.499410176346	0.507782145022	0.553138882574	0.58218235148	0.564003845518	0.516083923836	0.525235160766	0.479803086143	0.512282310068	0.493410279451	0.463085104228	0.45666920316	0.0	0.385826539697	0.543425901421	0.550724581186	0.53596235308	0.49701769226	0.481181236737	0.565188834854	0.489391812298	0.520653749287	0.514977956212	0.5080462365	0.558780470565	0.523373271319	0.539816645237	0.508441347625	0.504887582106	0.536143108402	0.529560151425	0.499707401016	0.532843965925	0.47670970319	0.47405885604	0.520850908338	0.513293282089	0.566889467856	0.481206937006
MM936M	0.487792579781	0.495928634064	0.51760907292	0.500010483558	0.436875812991	0.503020073175	0.506225380139	0.475153828727	0.525311290878	0.480560368101	0.46855413179	0.500356267429	0.475503192329	0.497240280371	0.48452531556	0.537637066483	0.488197731102	0.48345984001	0.537200040372	0.547595387281	0.455722328648	0.515089644854	0.469906780295	0.467918115201	0.497098730462	0.525585298005	0.509579780514	0.476584554159	0.458839330961	0.442672745106	0.491187716012	0.495863316965	0.443439892079	0.402891740252	0.385826539697	0.0	0.507730582703	0.508268783227	0.466170979774	0.469533580135	0.502615461148	0.552828449383	0.466589742973	0.489672785476	0.489669180726	0.420377261486	0.519157071707	0.463022086297	0.516948294106	0.497461203192	0.476714948496	0.50701560218	0.493157144047	0.533975344706	0.497023182837	0.459992000439	0.438402940866	0.471746302345	0.488929824349	0.567976517762	0.431629556752
MMS706	0.33468395998	0.345821223769	0.368540085275	0.372335434335	0.507017247483	0.328614976636	0.365815871015	0.341815104139	0.378003186333	0.369696465135	0.32947626899	0.293390114917	0.352897715912	0.353072901242	0.3577334055	0.365104567162	0.344193742086	0.36972104383	0.351946191905	0.337336803628	0.329083657251	0.327783429808	0.350529284092	0.286379026881	0.314240124086	0.339524614527	0.307989528121	0.278178203486	0.295641563277	0.247759452393	0.309794232036	0.324440154538	0.315757817535	0.544326298118	0.543425901421	0.507730582703	0.0	0.306202115309	0.352670394404	0.372038810985	0.379033947543	0.364434759057	0.360241517901	0.383701125035	0.396871354915	0.345217845704	0.522454103616	0.325006054916	0.344935898945	0.317558626244	0.316442062854	0.364066466747	0.310905765768	0.529772304244	0.348767453948	0.371263104948	0.299456861432	0.304837901918	0.335204918416	0.398725670975	0.322056519735
MMS707	0.411612367184	0.415199081277	0.346092232178	0.428798004532	0.539123685932	0.429051380433	0.370927480721	0.404976881069	0.314547739608	0.400737442806	0.373944900587	0.275075638547	0.418394346701	0.409139606537	0.403380765094	0.356381617261	0.382229440284	0.407616805262	0.423670758963	0.408049523352	0.393599164127	0.336391896815	0.402986024455	0.374227709799	0.368536458436	0.273258432258	0.289617086893	0.312871193567	0.32629935374	0.277717765948	0.411774370349	0.367193602464	0.376943676666	0.55863087463	0.550724581186	0.508268783227	0.306202115309	0.0	0.381342083454	0.381553454095	0.446880735293	0.382141059824	0.427889447795	0.436737330404	0.446731285882	0.397648752205	0.518267552885	0.394254026808	0.34926337932	0.3458675455	0.383890398683	0.375673271192	0.403308391106	0.547549117558	0.401891721669	0.428994589067	0.362458146875	0.389418638364	0.374889473102	0.474777626449	0.383118921056
MMS704	0.378225599894	0.324384211145	0.403279597862	0.381140958872	0.468624447435	0.347503999164	0.416093081992	0.381335183002	0.404652600264	0.374605902841	0.361567176649	0.349997918026	0.324101555454	0.344801886455	0.33466282585	0.427601985702	0.358603126289	0.342673632493	0.379831159091	0.392853887733	0.371120681465	0.387805249178	0.313530537805	0.354512962258	0.348941110994	0.385407252202	0.381988598138	0.336073209627	0.344594338461	0.317871971655	0.363561909728	0.327401311055	0.328438645741	0.522884090053	0.53596235308	0.466170979774	0.352670394404	0.381342083454	0.0	0.332696837872	0.364876236419	0.434001001157	0.381722396739	0.337115289612	0.354582239897	0.349076880034	0.509483657017	0.366246915025	0.374876028827	0.345421093922	0.350303738464	0.368539552803	0.341699065312	0.528773551684	0.363568886092	0.349846986099	0.35428657606	0.354639846351	0.349857764388	0.374257825044	0.29246233676
MMS705	0.386002575128	0.357025132132	0.357479911295	0.346139167824	0.505114368759	0.376887268623	0.377094286341	0.357491767052	0.371300273519	0.306750285037	0.348195817789	0.338195047147	0.339891346444	0.356805147039	0.380604573814	0.407162461864	0.364891485279	0.384089279369	0.389554795435	0.408342738519	0.363156208864	0.389175486649	0.359243236522	0.361101830774	0.379604172035	0.387439619383	0.360668510696	0.34229278526	0.366039514433	0.320993549213	0.38186988574	0.380770520434	0.319520752287	0.512599340983	0.49701769226	0.469533580135	0.372038810985	0.381553454095	0.332696837872	0.0	0.41456852768	0.407164481021	0.379387405695	0.412618165557	0.401989075648	0.326914837989	0.460273939337	0.379546886475	0.346898820663	0.297031862696	0.376832960289	0.291254975276	0.358656528768	0.464042362048	0.322298320038	0.385474761689	0.337318752534	0.351111192826	0.341792590874	0.407815605033	0.335741016182
MMS702	0.3887076659	0.311643367996	0.431443507029	0.326982054114	0.46705415633	0.31795151288	0.463766214826	0.301445406999	0.465224012387	0.418286448314	0.35253162495	0.367064050528	0.245173146708	0.311490183704	0.304912820888	0.477876657818	0.376749264216	0.311977483325	0.396768896043	0.431037892196	0.392378096819	0.428066446723	0.370029518621	0.377153084834	0.349630545101	0.45332031693	0.42319370137	0.38071136825	0.388188981808	0.347639337891	0.350812455887	0.311860165791	0.330781629881	0.482259394221	0.481181236737	0.502615461148	0.379033947543	0.446880735293	0.364876236419	0.41456852768	0.0	0.445661362461	0.344632588752	0.255598034288	0.344134148673	0.367544061716	0.574075902761	0.362046396688	0.391273993976	0.351179629965	0.393148681363	0.430151511734	0.398759140827	0.490461369162	0.368988159097	0.3776857975	0.367571862295	0.375265584182	0.36595807001	0.251454889185	0.314609383062
MMS703	0.417509480342	0.446657999127	0.29268928635	0.441415942029	0.558806073366	0.439032729033	0.24883450259	0.437937016129	0.403852768166	0.422271417283	0.420293324523	0.372010580894	0.444089725123	0.472477377713	0.477120430817	0.272513764879	0.422205844034	0.440601134871	0.413737948121	0.36727949087	0.456803577045	0.250319081881	0.436418103941	0.414046073062	0.440436928619	0.419610228355	0.375626762975	0.364506090677	0.40337166753	0.366312076232	0.463423738398	0.433211387214	0.408469827328	0.59888984276	0.565188834854	0.552828449383	0.364434759057	0.382141059824	0.434001001157	0.407164481021	0.445661362461	0.0	0.463464704812	0.480455825499	0.495957046456	0.443454699625	0.545442158671	0.423120584661	0.349857171143	0.409228827544	0.399803780694	0.387817124083	0.440537039301	0.583715005107	0.429139048902	0.435647097486	0.407801000249	0.441534988058	0.412916087137	0.490525362627	0.419082748499
MMS700	0.373358803668	0.341897101745	0.411500515344	0.353544696801	0.510798734918	0.313710896582	0.465059002807	0.305443779443	0.458107099169	0.40990731013	0.329371986372	0.347624625383	0.357170189623	0.351207051427	0.374308595024	0.485764307607	0.367399626345	0.366011485222	0.394902625204	0.454023219748	0.349796787756	0.415967341895	0.364554516578	0.324721423809	0.337317004993	0.414059956455	0.394605189615	0.347173264795	0.340871184601	0.312117860675	0.335009653038	0.306811298602	0.249863116559	0.514735501899	0.489391812298	0.466589742973	0.360241517901	0.427889447795	0.381722396739	0.379387405695	0.344632588752	0.463464704812	0.0	0.365272938968	0.386345574539	0.278948629466	0.541962453789	0.374004161952	0.397874983745	0.324598959553	0.360116150857	0.369688312733	0.372323407089	0.377639808519	0.380223661607	0.38331280217	0.31843328813	0.360238179263	0.351393286643	0.364084753204	0.302765459341
