	MMS930	MMS925	MMS911	MMS920	MM933M	MMS922	MMS910	MMS923	MMS715	MMS714	MMS717	MMS716	MMS711	MMS710	MMS713	MMS712	MMS944	MMS921	MMS942	MMS943	MMS908	MMS909	MMS928	MMS929	MMS900	MMS901	MMS902	MMS903	MMS904	MMS905	MMS906	MMS907	MMS919	MM943M	MM941M	MM936M	MMS706	MMS707	MMS704	MMS705	MMS702	MMS703	MMS700	MMS701	MMS708	MMS709	MMS917	MMS939	MMS938	MMS916	MMS931	MMS915	MMS932	MMS918	MMS914	MM9362CU	MMS913	MMS890	MMS891	MMS924	MMS912
MMS930	0.0	0.312194042287	0.319278259656	0.283279302663	0.400810399483	0.279308334478	0.311234197509	0.312125978161	0.347410053738	0.32860771879	0.222938060525	0.312698091392	0.309456216027	0.316982295934	0.346679517923	0.348646420295	0.200643557484	0.362150524474	0.261395047023	0.322372451636	0.233658827958	0.273335512611	0.240652969656	0.211196147835	0.318658296529	0.315249862608	0.291761223154	0.276250644196	0.255218750404	0.302131914269	0.258124505065	0.249306702935	0.280610478011	0.412492513223	0.419254525664	0.37544357033	0.296638212132	0.332614185694	0.305508472022	0.306133723356	0.319141240652	0.328368060145	0.301016940692	0.319273244916	0.340499427527	0.331145597907	0.450507321239	0.228619466041	0.235591669835	0.23242883728	0.208747084442	0.284443251978	0.206229460728	0.488090640095	0.299380700184	0.280034006988	0.251964683732	0.18912750805	0.240704966956	0.330471166657	0.28136976508
MMS925	0.312194042287	0.0	0.324391685725	0.258633454642	0.375023823731	0.245527218607	0.352249733051	0.26011521517	0.368478033553	0.309474381471	0.242221943033	0.32381212131	0.234906352163	0.295131242005	0.288221048489	0.384451562239	0.286699822292	0.29611997944	0.305882529314	0.328663783929	0.277129115939	0.328730301923	0.248411783065	0.277628544263	0.277023408897	0.320762056079	0.352258340161	0.310657870741	0.278480952803	0.306252991341	0.27368728828	0.23908653236	0.256515290715	0.412374469709	0.419169464314	0.390904017269	0.319995988632	0.346337634584	0.27491078612	0.291737629859	0.259379777446	0.359870036814	0.288012849819	0.242470673975	0.291677937908	0.3232060274	0.414817906244	0.277840906867	0.298984011955	0.248198302189	0.303024827083	0.316475830807	0.296007558338	0.404754309177	0.313469795481	0.339305936386	0.287016093184	0.275225006864	0.275234303667	0.239753581579	0.256093000711
MMS911	0.319278259656	0.324391685725	0.0	0.31268430739	0.409002521888	0.354093926351	0.22293601296	0.333452277198	0.264001395785	0.275342562895	0.288553295213	0.332067400065	0.343796140841	0.357931097509	0.361506326822	0.234853009599	0.303197409336	0.384241282485	0.317219113498	0.267577088767	0.336228919844	0.23358442222	0.317352361108	0.358643925964	0.336612083592	0.282993701159	0.291155397568	0.319834835798	0.304666559793	0.308616137511	0.336844153864	0.321783580722	0.290888415606	0.42717650775	0.406115738909	0.390960618392	0.336660785612	0.280629529383	0.318376270395	0.278549059728	0.344470463155	0.23340348711	0.329343937151	0.385544349874	0.356111724624	0.384137536141	0.343876544913	0.298752879932	0.268798208307	0.278334277339	0.308737959864	0.28367895159	0.309201757332	0.408095597006	0.325114506018	0.390356664759	0.319916832744	0.328897685506	0.307216091427	0.36098082098	0.333296014836
MMS920	0.283279302663	0.258633454642	0.31268430739	0.0	0.390101943931	0.274249804069	0.345750330684	0.238517260987	0.33746415585	0.283560950772	0.247817819494	0.307225248724	0.264710628743	0.278395909544	0.298768341028	0.369555375371	0.237547017728	0.263448363716	0.303914143267	0.324008726442	0.26438051361	0.325181890621	0.270501006504	0.315142498348	0.334558562071	0.326612887672	0.337291524088	0.331334558781	0.320166030388	0.317612138975	0.267399516205	0.266690249546	0.273586011915	0.373665376491	0.38260216534	0.381417474274	0.341608137927	0.34998720718	0.306948538057	0.27870510883	0.269858723513	0.347442188044	0.288897399993	0.309353606496	0.319726282914	0.310051639568	0.382187025208	0.242598280789	0.28783575188	0.231917957847	0.299572903634	0.30246310504	0.288585506572	0.412332430617	0.299933278277	0.365876711619	0.276993230316	0.278333996935	0.262769650427	0.284851892052	0.291222941966
MM933M	0.400810399483	0.375023823731	0.409002521888	0.390101943931	0.0	0.397096553026	0.405255263108	0.417016981111	0.402884880427	0.392218902799	0.38172621535	0.454078520923	0.39334290017	0.383558739221	0.418938581976	0.435718447882	0.360605697807	0.434820905284	0.335053398255	0.402999647054	0.394289684228	0.418404448247	0.377975146923	0.412810771861	0.386966344654	0.391247328957	0.443596030089	0.431806173183	0.401782891883	0.434386640861	0.392641404888	0.366574214869	0.385602367471	0.298010617436	0.333738251941	0.29036251895	0.434973078164	0.417881133797	0.333120904518	0.370919349332	0.344314847861	0.39210867794	0.39913575085	0.37475335855	0.326442483306	0.459013959728	0.434915139236	0.365595334561	0.369300605959	0.377409401213	0.348820127544	0.36813348762	0.362763303511	0.427689988624	0.417914910961	0.407486779442	0.408502734187	0.38711476237	0.382996807099	0.380865492153	0.393487254614
MMS922	0.279308334478	0.245527218607	0.354093926351	0.274249804069	0.397096553026	0.0	0.390745207248	0.235908244254	0.365694359088	0.314743067442	0.262349466889	0.337499990768	0.262740046269	0.25374219729	0.311336528331	0.401473879057	0.28686136795	0.271909714359	0.33375200845	0.343700023764	0.265568825029	0.351176889915	0.289581873621	0.268856142195	0.326314760167	0.35025514366	0.331321824401	0.312273072771	0.278589290022	0.304438471498	0.278077265308	0.25440013455	0.260290914403	0.42218018269	0.432082230627	0.413758476764	0.300605349604	0.376302615402	0.314988228776	0.329303088648	0.287613767242	0.37588510635	0.283287635857	0.261915251157	0.341013267173	0.27788522796	0.42874684656	0.300083093663	0.324328476385	0.260960138873	0.301272005996	0.33753829351	0.293841931583	0.417739758508	0.285801413975	0.313723059687	0.253844735021	0.270718944478	0.288253785106	0.3024483626	0.255432151888
MMS910	0.311234197509	0.352249733051	0.22293601296	0.345750330684	0.405255263108	0.390745207248	0.0	0.358012735664	0.292462835455	0.329761347023	0.316348849759	0.345708982007	0.378488892756	0.383556568452	0.406300890899	0.208963229134	0.304331149981	0.413709601364	0.300134760565	0.285704322547	0.358778167312	0.203371363637	0.334458463541	0.353201534742	0.367844519843	0.299929497736	0.289782788913	0.320461031305	0.337411507274	0.354267505269	0.34539978341	0.345354213199	0.334994849386	0.427848310011	0.41030102035	0.379238050524	0.331165831101	0.300229263966	0.318708843808	0.284166583433	0.3568543223	0.185891865831	0.375372159286	0.414816075262	0.371653471421	0.419120367296	0.387696145637	0.303163901648	0.247036285671	0.314377219257	0.30931694285	0.280847658209	0.308640629714	0.453548455513	0.351674669468	0.398101287229	0.355368858213	0.341508840579	0.321864691511	0.368386856524	0.373268120227
MMS923	0.312125978161	0.26011521517	0.333452277198	0.238517260987	0.417016981111	0.235908244254	0.358012735664	0.0	0.342088400652	0.315150478547	0.267139938688	0.306663278161	0.253182339641	0.264508902028	0.306308807149	0.390306568803	0.275297491687	0.272242062855	0.322884220495	0.345301135381	0.286207782024	0.348174900377	0.291617147738	0.293460204734	0.288484621452	0.324028696392	0.323189552819	0.322036414167	0.288132207586	0.320808996698	0.272275150669	0.254757406844	0.243361142498	0.409179925477	0.419202548039	0.396226988111	0.319491811681	0.354589208845	0.336158616232	0.311334628954	0.27223614702	0.371872759232	0.275504268304	0.297323281635	0.31249835049	0.308206108059	0.400205853778	0.30247184828	0.315927738985	0.262720034666	0.315034290671	0.330728435155	0.30499167377	0.399274754494	0.323550110106	0.359284745332	0.280519258944	0.28322808679	0.296880698904	0.299832827334	0.290163385156
MMS715	0.347410053738	0.368478033553	0.264001395785	0.33746415585	0.402884880427	0.365694359088	0.292462835455	0.342088400652	0.0	0.305341644893	0.323041756025	0.329209286525	0.36990820284	0.337466306334	0.378579464572	0.315293157455	0.327889090827	0.372138543319	0.331548207327	0.337680768413	0.361635976852	0.298843432495	0.342154763401	0.384365341311	0.346644214119	0.251985109008	0.26188773784	0.339412926638	0.326817954068	0.317536104111	0.359169133073	0.342012351868	0.338873940171	0.411273893075	0.425984603849	0.388119377081	0.343704816962	0.259020671874	0.311615877511	0.288900904729	0.361759525437	0.310976798967	0.365820975317	0.409666517653	0.358318834509	0.423451641701	0.328095963624	0.338645638344	0.29317136345	0.308896886531	0.313913386573	0.274333884482	0.328142870677	0.406968188186	0.345967038369	0.408535586568	0.360577031561	0.353672553409	0.340813629686	0.376770737885	0.374808456643
MMS714	0.32860771879	0.309474381471	0.275342562895	0.283560950772	0.392218902799	0.314743067442	0.329761347023	0.315150478547	0.305341644893	0.0	0.267056391617	0.362017298843	0.319157265622	0.322381902226	0.30862628229	0.347557041824	0.301193274955	0.348686664245	0.341537306435	0.322350331689	0.298791822672	0.343853815782	0.314385258765	0.347794341292	0.335748461306	0.317043092364	0.331809600144	0.34658282115	0.335096789751	0.302849655437	0.326633088882	0.307573507248	0.317346623086	0.402879175128	0.40409845445	0.37327841146	0.339747580136	0.330600862648	0.307210017318	0.252764332083	0.342959979786	0.336694228144	0.336561991888	0.362364873678	0.336451293859	0.318018062051	0.282372423745	0.287230993122	0.311173764166	0.25889856573	0.336714056156	0.303900699123	0.302583424578	0.410611413593	0.303550674141	0.390921221041	0.302877532669	0.307306296571	0.296014781238	0.343206594146	0.322979365337
MMS717	0.222938060525	0.242221943033	0.288553295213	0.247817819494	0.38172621535	0.262349466889	0.316348849759	0.267139938688	0.323041756025	0.267056391617	0.0	0.296158330562	0.264873453683	0.279706394243	0.296736495072	0.358957655098	0.202884565289	0.309767176414	0.253056743531	0.318568059497	0.199581964749	0.288719767959	0.211374732105	0.249302704937	0.290713005677	0.279456268483	0.277278130059	0.283202545515	0.244131599645	0.263048793808	0.22550039047	0.237380141633	0.250118330893	0.369238787888	0.39916411652	0.348101754173	0.306987155148	0.304692583523	0.28695750619	0.272616263635	0.287331068879	0.32899759751	0.262262787183	0.285692926612	0.293919075667	0.288566415533	0.393350106939	0.207658977812	0.243899388579	0.189738270536	0.233923101843	0.292167547205	0.216362855646	0.413097654484	0.285543659949	0.322436879807	0.232796257001	0.201511852217	0.214440968818	0.279179711904	0.241898386509
MMS716	0.312698091392	0.32381212131	0.332067400065	0.307225248724	0.454078520923	0.337499990768	0.345708982007	0.306663278161	0.329209286525	0.362017298843	0.296158330562	0.0	0.338898062661	0.337456243386	0.331577196869	0.376038570541	0.302898982056	0.319734404212	0.354663144315	0.360180106974	0.297107062894	0.331627244181	0.339266041338	0.310380251025	0.338905182212	0.315188212274	0.268214366276	0.290198218618	0.280505003743	0.233667699096	0.322356276853	0.319489832718	0.296163831812	0.468931516095	0.451504410488	0.448059743624	0.292245366223	0.277488932551	0.360867380721	0.334316935181	0.372549018858	0.362344380297	0.342586804185	0.365715988964	0.413488816993	0.318320566027	0.451754134165	0.328893313725	0.306107053686	0.276573681769	0.328264740065	0.337682901916	0.319019124003	0.465236551114	0.321126997711	0.35726335908	0.291939290208	0.288935441752	0.318493882529	0.379217231316	0.32415023608
MMS711	0.309456216027	0.234906352163	0.343796140841	0.264710628743	0.39334290017	0.262740046269	0.378488892756	0.253182339641	0.36990820284	0.319157265622	0.264873453683	0.338898062661	0.0	0.250493945947	0.253213893699	0.391208999566	0.311410671794	0.301470803578	0.339650418399	0.355241697024	0.304694658776	0.349829118067	0.278352264954	0.300215174387	0.296947670564	0.359444681761	0.346630882928	0.319852159734	0.312878454197	0.319843838383	0.264469683874	0.260497299509	0.270829392058	0.39706112745	0.401605983788	0.383431187036	0.323199336529	0.36098403118	0.29494461351	0.296409795562	0.2299181675	0.376111652618	0.30960155549	0.232798476467	0.303529045337	0.312159190209	0.424247257923	0.305151306426	0.324892095083	0.258176105786	0.333918075305	0.331842871609	0.325677389065	0.391741684506	0.277125471258	0.322938429656	0.278089202178	0.301402317392	0.302931486269	0.232385998188	0.246515690133
MMS710	0.316982295934	0.295131242005	0.357931097509	0.278395909544	0.383558739221	0.25374219729	0.383556568452	0.264508902028	0.337466306334	0.322381902226	0.279706394243	0.337456243386	0.250493945947	0.0	0.282541171034	0.415218222065	0.302506277936	0.296063952202	0.329089877258	0.33866067389	0.29213098548	0.365763581706	0.313488184292	0.306232010541	0.318445180526	0.31715175138	0.33238135629	0.326175841896	0.29731775319	0.302175232303	0.302324018113	0.26503017585	0.257881574844	0.364291748113	0.41188017301	0.395103859162	0.331381169358	0.350325534376	0.298290171267	0.304067345753	0.268102184138	0.388155730916	0.302153834661	0.265266403185	0.319545826526	0.340534890431	0.430855417028	0.301029471537	0.31674888533	0.282552919654	0.318358091695	0.327087883663	0.310946257906	0.408028203171	0.293290506128	0.348701865211	0.310002305136	0.302887136089	0.308126284584	0.286368114185	0.275756759306
MMS713	0.346679517923	0.288221048489	0.361506326822	0.298768341028	0.418938581976	0.311336528331	0.406300890899	0.306308807149	0.378579464572	0.30862628229	0.296736495072	0.331577196869	0.253213893699	0.282541171034	0.0	0.399226956339	0.333434567597	0.300040296172	0.363530835958	0.366906579354	0.299112547205	0.364619979501	0.315871723638	0.322434439426	0.316287624116	0.348521824103	0.341395649748	0.308604169669	0.346659297323	0.305226661697	0.336341284149	0.28249914802	0.3126914243	0.429512877138	0.416105110963	0.412111579313	0.338934899744	0.36849553531	0.322287416424	0.344406271852	0.285611644631	0.420299760258	0.344548312289	0.275911754572	0.321123274204	0.350477397284	0.406144875878	0.333412111395	0.348226329943	0.296358436919	0.349075599774	0.360306544818	0.317021517449	0.431822226042	0.255189700744	0.349616548882	0.289375856268	0.315843651679	0.317503113149	0.29762416922	0.268808889126
MMS712	0.348646420295	0.384451562239	0.234853009599	0.369555375371	0.435718447882	0.401473879057	0.208963229134	0.390306568803	0.315293157455	0.347557041824	0.358957655098	0.376038570541	0.391208999566	0.415218222065	0.399226956339	0.0	0.350779563216	0.428978263894	0.356052659932	0.241950885784	0.392417382562	0.243413862623	0.360127275617	0.359147496993	0.389829646569	0.332792631021	0.31632844622	0.346682221314	0.355532516629	0.375269319949	0.375791197174	0.352932753384	0.358604906165	0.450283874733	0.448123032929	0.432386755183	0.334013197182	0.299121744954	0.358994248877	0.33815759628	0.398286654531	0.233142861202	0.405333878284	0.427527195808	0.400153095637	0.437794861743	0.424688612629	0.353150987892	0.316299937733	0.346111815255	0.34796759375	0.3257756923	0.355000715949	0.486851208047	0.322780659312	0.417171278714	0.371997478406	0.370810743793	0.339395647649	0.412067248783	0.380512760884
MMS944	0.200643557484	0.286699822292	0.303197409336	0.237547017728	0.360605697807	0.28686136795	0.304331149981	0.275297491687	0.327889090827	0.301193274955	0.202884565289	0.302898982056	0.311410671794	0.302506277936	0.333434567597	0.350779563216	0.0	0.323247375627	0.238564501484	0.303582333522	0.229298456366	0.281654908542	0.225520365576	0.251079818372	0.303996335877	0.268457669174	0.306468365453	0.28812095607	0.255322873764	0.300510385749	0.238456064714	0.245018150472	0.254533875301	0.354929041092	0.390509465688	0.349907710822	0.315985745236	0.304491538285	0.258098571969	0.262192219614	0.279155499561	0.303435923697	0.287923943118	0.307488742778	0.291252011009	0.326179520836	0.404379963731	0.18599150199	0.211409414538	0.216927925431	0.219855481885	0.293518376975	0.204630316538	0.453124246767	0.302025141436	0.324765573186	0.262225419473	0.21339442938	0.211874754924	0.274104769808	0.276251600345
MMS921	0.362150524474	0.29611997944	0.384241282485	0.263448363716	0.434820905284	0.271909714359	0.413709601364	0.272242062855	0.372138543319	0.348686664245	0.309767176414	0.319734404212	0.301470803578	0.296063952202	0.300040296172	0.428978263894	0.323247375627	0.0	0.378583579943	0.374848075207	0.333311826755	0.391964306957	0.348431922235	0.367094431494	0.372786906075	0.366780423573	0.37270710516	0.360499297381	0.344838809504	0.317411799592	0.350191012724	0.317865018289	0.320875441611	0.427343964735	0.464684090763	0.434088214925	0.365378537591	0.397054440057	0.344219763787	0.365373523437	0.315596989777	0.40854027615	0.359481399263	0.307666579236	0.372577451037	0.320951577536	0.448089038614	0.314050932484	0.366529139172	0.320262833847	0.37364965802	0.391317987516	0.352112272068	0.474241289507	0.316713553161	0.37916946067	0.313743131599	0.346825512914	0.326440917612	0.328173570911	0.314681814519
MMS942	0.261395047023	0.305882529314	0.317219113498	0.303914143267	0.335053398255	0.33375200845	0.300134760565	0.322884220495	0.331548207327	0.341537306435	0.253056743531	0.354663144315	0.339650418399	0.329089877258	0.363530835958	0.356052659932	0.238564501484	0.378583579943	0.0	0.326596513273	0.294035317713	0.302524111356	0.265715045533	0.299043512116	0.306073304528	0.285888976	0.322191710077	0.324164089806	0.301039873371	0.34168288469	0.285952245054	0.28636021731	0.298229946142	0.36929673312	0.399830278893	0.356851231956	0.33502953807	0.335163120785	0.258079420086	0.283399744857	0.289474509945	0.280831972449	0.314522075689	0.340243850987	0.292946659305	0.393803624002	0.414294769984	0.234392455704	0.23194451679	0.264499892033	0.2474702552	0.277388545892	0.220951938699	0.461696720047	0.330500838062	0.354794784988	0.317185822813	0.271414679372	0.265058362875	0.282868369799	0.299555912336
MMS943	0.322372451636	0.328663783929	0.267577088767	0.324008726442	0.402999647054	0.343700023764	0.285704322547	0.345301135381	0.337680768413	0.322350331689	0.318568059497	0.360180106974	0.355241697024	0.33866067389	0.366906579354	0.241950885784	0.303582333522	0.374848075207	0.326596513273	0.0	0.336242522359	0.292757070929	0.316859609563	0.314454701061	0.35074114246	0.328326040265	0.328479091393	0.320441062719	0.329344290697	0.326568662307	0.324371685613	0.332555470379	0.327099405098	0.38490248693	0.433558360302	0.423577654799	0.305548933287	0.327455490087	0.318333903247	0.324074608659	0.348542699146	0.292940051907	0.362387322964	0.365439114652	0.360436507826	0.408647093998	0.423522392783	0.303431939444	0.285973060012	0.297293478434	0.306782487552	0.333573413311	0.307387958796	0.475480068037	0.340039961598	0.394523559903	0.319086225796	0.313409582425	0.314752552826	0.35966402667	0.350229490179
MMS908	0.233658827958	0.277129115939	0.336228919844	0.26438051361	0.394289684228	0.265568825029	0.358778167312	0.286207782024	0.361635976852	0.298791822672	0.199581964749	0.297107062894	0.304694658776	0.29213098548	0.299112547205	0.392417382562	0.229298456366	0.333311826755	0.294035317713	0.336242522359	0.0	0.336047916063	0.238181818069	0.244205790297	0.298742744014	0.317485672713	0.274661062287	0.282059883285	0.243409421337	0.25939122245	0.240691623907	0.247782083243	0.260599334927	0.400652485986	0.42015888123	0.367510739602	0.296917594313	0.326646052718	0.316428770978	0.301180841759	0.335483406117	0.375646052875	0.297033746427	0.306671470279	0.312558117762	0.275409775259	0.418074070191	0.246507266508	0.273965691736	0.235522583247	0.272036707939	0.324511250449	0.232777725988	0.440811309899	0.296655845435	0.333401087747	0.22825102806	0.198824921523	0.240186685732	0.34465395365	0.265434813837
MMS909	0.273335512611	0.328730301923	0.23358442222	0.325181890621	0.418404448247	0.351176889915	0.203371363637	0.348174900377	0.298843432495	0.343853815782	0.288719767959	0.331627244181	0.349829118067	0.365763581706	0.364619979501	0.243413862623	0.281654908542	0.391964306957	0.302524111356	0.292757070929	0.336047916063	0.0	0.306187225309	0.312995449363	0.315640348336	0.295058595694	0.301969127363	0.282456843903	0.294401522116	0.312640345917	0.314687780669	0.323344016501	0.296763369968	0.422167097977	0.417139903345	0.397488251103	0.302548808987	0.270537178182	0.309181540124	0.307433202284	0.340882537301	0.199033695978	0.332172016525	0.375438122325	0.367570616767	0.404637720897	0.418548003653	0.279438309891	0.245175480928	0.296933912666	0.278632288542	0.28820067718	0.289502539963	0.446472595328	0.338411542479	0.370723397292	0.320092331209	0.300301073489	0.296165728659	0.352802752429	0.319007585321
MMS928	0.240652969656	0.248411783065	0.317352361108	0.270501006504	0.377975146923	0.289581873621	0.334458463541	0.291617147738	0.342154763401	0.314385258765	0.211374732105	0.339266041338	0.278352264954	0.313488184292	0.315871723638	0.360127275617	0.225520365576	0.348431922235	0.265715045533	0.316859609563	0.238181818069	0.306187225309	0.0	0.238498843657	0.304219050212	0.294466292285	0.326133214122	0.311863137795	0.2808506765	0.299576607692	0.232661308848	0.229508153771	0.249956022461	0.391735422934	0.385610319509	0.35953216165	0.32238438095	0.323524186511	0.245011326378	0.278803815725	0.301115555227	0.339532668156	0.288766182085	0.301691041358	0.283038110647	0.311428431047	0.390571830081	0.23260240285	0.24583332581	0.233884812043	0.249665746474	0.29038985944	0.219845613964	0.417864200084	0.3207624052	0.326861287437	0.284946261006	0.214928775172	0.232877704219	0.284545237358	0.25205965482
MMS929	0.211196147835	0.277628544263	0.358643925964	0.315142498348	0.412810771861	0.268856142195	0.353201534742	0.293460204734	0.384365341311	0.347794341292	0.249302704937	0.310380251025	0.300215174387	0.306232010541	0.322434439426	0.359147496993	0.251079818372	0.367094431494	0.299043512116	0.314454701061	0.244205790297	0.312995449363	0.238498843657	0.0	0.31141911086	0.326468702256	0.28295608341	0.251940366463	0.248989494487	0.285550575692	0.256948454567	0.245538507833	0.260187805354	0.418189924926	0.422293332916	0.386025727058	0.261794875594	0.334079519096	0.324313719267	0.323443725581	0.342199077801	0.367560713138	0.297669808903	0.292232284752	0.337225274053	0.29116579093	0.470435028727	0.268852955015	0.290032906	0.266055967723	0.26852189815	0.3181745706	0.251648745273	0.457436749438	0.304861224663	0.285350518327	0.234610705924	0.207398584282	0.2801018542	0.33033863783	0.244508747303
MMS900	0.318658296529	0.277023408897	0.336612083592	0.334558562071	0.386966344654	0.326314760167	0.367844519843	0.288484621452	0.346644214119	0.335748461306	0.290713005677	0.338905182212	0.296947670564	0.318445180526	0.316287624116	0.389829646569	0.303996335877	0.372786906075	0.306073304528	0.35074114246	0.298742744014	0.315640348336	0.304219050212	0.31141911086	0.0	0.313389721438	0.33815523651	0.297534392594	0.275427050566	0.304916234537	0.295958944634	0.283862527438	0.263955696526	0.437948245914	0.445109808703	0.393098385158	0.291478428044	0.308186565668	0.296664765377	0.314059477492	0.294441909707	0.361379045688	0.278265919259	0.299684185667	0.266670929581	0.375132364167	0.426331930356	0.311384538067	0.308047555561	0.300219999158	0.301960914715	0.306682821009	0.300891065307	0.387312798876	0.345660692823	0.383167826996	0.304391162644	0.318918091913	0.293485987259	0.315606977445	0.295769212158
MMS901	0.315249862608	0.320762056079	0.282993701159	0.326612887672	0.391247328957	0.35025514366	0.299929497736	0.324028696392	0.251985109008	0.317043092364	0.279456268483	0.315188212274	0.359444681761	0.31715175138	0.348521824103	0.332792631021	0.268457669174	0.366780423573	0.285888976	0.328326040265	0.317485672713	0.295058595694	0.294466292285	0.326468702256	0.313389721438	0.0	0.280538871649	0.29609365004	0.299067137071	0.304638668422	0.312159876575	0.302326262196	0.293215569893	0.401831132177	0.423091284611	0.373630385188	0.31356294112	0.22315245937	0.278837887665	0.288624307695	0.331131499809	0.303058356608	0.327472639865	0.36452238173	0.314050742758	0.406404892599	0.352530601965	0.280735220245	0.25450610387	0.29291491168	0.293203434934	0.277355769538	0.292050403313	0.434878154299	0.325279250002	0.390252244652	0.344148977751	0.316613263405	0.304505157726	0.331755900787	0.332381452931
MMS902	0.291761223154	0.352258340161	0.291155397568	0.337291524088	0.443596030089	0.331321824401	0.289782788913	0.323189552819	0.26188773784	0.331809600144	0.277278130059	0.268214366276	0.346630882928	0.33238135629	0.341395649748	0.31632844622	0.306468365453	0.37270710516	0.322191710077	0.328479091393	0.274661062287	0.301969127363	0.326133214122	0.28295608341	0.33815523651	0.280538871649	0.0	0.260072009083	0.258399407068	0.265422985186	0.323224683512	0.318467506626	0.308033301064	0.464896154637	0.476340429699	0.422526325038	0.27902663627	0.269532696734	0.352643630728	0.32917215252	0.385021175158	0.338644370675	0.354958397754	0.377502486106	0.402497776147	0.353160390349	0.41757162958	0.304359318191	0.281157995464	0.273477001167	0.293803244725	0.301480329005	0.290460325572	0.475508168711	0.302678647473	0.338048630882	0.278408452633	0.268602919464	0.298707393538	0.402317669113	0.329362694454
MMS903	0.276250644196	0.310657870741	0.319834835798	0.331334558781	0.431806173183	0.312273072771	0.320461031305	0.322036414167	0.339412926638	0.34658282115	0.283202545515	0.290198218618	0.319852159734	0.326175841896	0.308604169669	0.346682221314	0.28812095607	0.360499297381	0.324164089806	0.320441062719	0.282059883285	0.282456843903	0.311863137795	0.251940366463	0.297534392594	0.29609365004	0.260072009083	0.0	0.218712870166	0.239684182066	0.307927370708	0.287018482153	0.274842013964	0.44650844445	0.447177641147	0.415554184914	0.253340085827	0.284509902195	0.326411794498	0.31738020571	0.356286778914	0.333467389547	0.324568971208	0.315659868992	0.371020165979	0.335960082177	0.451909844621	0.294922669052	0.283024806333	0.285011265124	0.276223404275	0.31594086168	0.274845068286	0.449641329402	0.292909151269	0.284437184556	0.230590781716	0.275037527661	0.277625149495	0.347114328022	0.272885636368
MMS904	0.255218750404	0.278480952803	0.304666559793	0.320166030388	0.401782891883	0.278589290022	0.337411507274	0.288132207586	0.326817954068	0.335096789751	0.244131599645	0.280505003743	0.312878454197	0.29731775319	0.346659297323	0.355532516629	0.255322873764	0.344838809504	0.301039873371	0.329344290697	0.243409421337	0.294401522116	0.2808506765	0.248989494487	0.275427050566	0.299067137071	0.258399407068	0.218712870166	0.0	0.232536341644	0.279424951768	0.259273359271	0.239411610586	0.428226006451	0.438946615978	0.383020911525	0.261809698781	0.281689040229	0.309344887223	0.312974015087	0.343787329792	0.342573485964	0.300650388329	0.318743814427	0.353956517678	0.331347020771	0.432649127929	0.274879301587	0.273263764266	0.250716508764	0.248905572146	0.302716783602	0.265612384433	0.441508669861	0.295655465034	0.284035654508	0.239858230344	0.244314245088	0.251642145503	0.348931508855	0.272548048919
MMS905	0.302131914269	0.306252991341	0.308616137511	0.317612138975	0.434386640861	0.304438471498	0.354267505269	0.320808996698	0.317536104111	0.302849655437	0.263048793808	0.233667699096	0.319843838383	0.302175232303	0.305226661697	0.375269319949	0.300510385749	0.317411799592	0.34168288469	0.326568662307	0.25939122245	0.312640345917	0.299576607692	0.285550575692	0.304916234537	0.304638668422	0.265422985186	0.239684182066	0.232536341644	0.0	0.304385105564	0.273851977474	0.257072458761	0.444482692678	0.435398399329	0.410437434468	0.252092783288	0.285443599251	0.330153001848	0.318095356725	0.352571801466	0.357789902879	0.315130648546	0.337672725703	0.351586851508	0.300771308042	0.418012013281	0.287838258575	0.284473940729	0.26642332595	0.302058226783	0.317727873481	0.296348914655	0.439394638464	0.305277548167	0.331007050229	0.240544383804	0.259925028175	0.280408846795	0.371344362425	0.268844758773
MMS906	0.258124505065	0.27368728828	0.336844153864	0.267399516205	0.392641404888	0.278077265308	0.34539978341	0.272275150669	0.359169133073	0.326633088882	0.22550039047	0.322356276853	0.264469683874	0.302324018113	0.336341284149	0.375791197174	0.238456064714	0.350191012724	0.285952245054	0.324371685613	0.240691623907	0.314687780669	0.232661308848	0.256948454567	0.295958944634	0.312159876575	0.323224683512	0.307927370708	0.279424951768	0.304385105564	0.0	0.235499814075	0.246095873849	0.404657644022	0.402603390204	0.380258909467	0.292939550172	0.330791031471	0.291555236874	0.298651868212	0.286291814249	0.360276906784	0.264171752405	0.289873078342	0.270460054969	0.317922250044	0.451338299774	0.255606040938	0.266000314272	0.251611075328	0.283633752258	0.320109005068	0.254064254667	0.411679361717	0.33209397712	0.346246361419	0.289237458294	0.241033247389	0.263874445858	0.276982538091	0.258250520989
MMS907	0.249306702935	0.23908653236	0.321783580722	0.266690249546	0.366574214869	0.25440013455	0.345354213199	0.254757406844	0.342012351868	0.307573507248	0.237380141633	0.319489832718	0.260497299509	0.26503017585	0.28249914802	0.352932753384	0.245018150472	0.317865018289	0.28636021731	0.332555470379	0.247782083243	0.323344016501	0.229508153771	0.245538507833	0.283862527438	0.302326262196	0.318467506626	0.287018482153	0.259273359271	0.273851977474	0.235499814075	0.0	0.230555582448	0.382753649052	0.391927112201	0.388884348079	0.303713586852	0.308734178493	0.281413557533	0.31371625076	0.268170497892	0.353393755034	0.260727303692	0.257370792175	0.266510507438	0.320071683372	0.443927966755	0.255354454453	0.276241860504	0.220664721241	0.271955449858	0.28778747607	0.263909236044	0.41266620953	0.289163938999	0.323093423694	0.241836888718	0.22768182423	0.23856352724	0.285132781904	0.25222401856
MMS919	0.280610478011	0.256515290715	0.290888415606	0.273586011915	0.385602367471	0.260290914403	0.334994849386	0.243361142498	0.338873940171	0.317346623086	0.250118330893	0.296163831812	0.270829392058	0.257881574844	0.3126914243	0.358604906165	0.254533875301	0.320875441611	0.298229946142	0.327099405098	0.260599334927	0.296763369968	0.249956022461	0.260187805354	0.263955696526	0.293215569893	0.308033301064	0.274842013964	0.239411610586	0.257072458761	0.246095873849	0.230555582448	0.0	0.401602454685	0.383210629392	0.362968286452	0.294894601737	0.319742577339	0.283480017229	0.271523248129	0.285127165492	0.337533928359	0.215616957102	0.276674780814	0.292742500468	0.283474219237	0.404486127621	0.274009424172	0.254010260508	0.245540482808	0.28616298322	0.280581705212	0.279747305091	0.340130471489	0.290959199849	0.330544338713	0.265391452058	0.261250350373	0.262672911242	0.293407051661	0.241734952445
MM943M	0.412492513223	0.412374469709	0.42717650775	0.373665376491	0.298010617436	0.42218018269	0.427848310011	0.409179925477	0.411273893075	0.402879175128	0.369238787888	0.468931516095	0.39706112745	0.364291748113	0.429512877138	0.450283874733	0.354929041092	0.427343964735	0.36929673312	0.38490248693	0.400652485986	0.422167097977	0.391735422934	0.418189924926	0.437948245914	0.401831132177	0.464896154637	0.44650844445	0.428226006451	0.444482692678	0.404657644022	0.382753649052	0.401602454685	0.0	0.320615791796	0.253615660579	0.452457058287	0.419850462178	0.351032503956	0.370091208689	0.340577258303	0.404422348402	0.392984283485	0.393117310478	0.324268657815	0.453254578291	0.406160749136	0.354940570375	0.394751252735	0.393302708087	0.379722650317	0.402764732434	0.389645061161	0.425798835529	0.444415481405	0.448894346858	0.412259655843	0.404208771016	0.387576362708	0.367489125167	0.396678122876
MM941M	0.419254525664	0.419169464314	0.406115738909	0.38260216534	0.333738251941	0.432082230627	0.41030102035	0.419202548039	0.425984603849	0.40409845445	0.39916411652	0.451504410488	0.401605983788	0.41188017301	0.416105110963	0.448123032929	0.390509465688	0.464684090763	0.399830278893	0.433558360302	0.42015888123	0.417139903345	0.385610319509	0.422293332916	0.445109808703	0.423091284611	0.476340429699	0.447177641147	0.438946615978	0.435398399329	0.402603390204	0.391927112201	0.383210629392	0.320615791796	0.0	0.277325723724	0.463844773225	0.432321736137	0.377287783658	0.371631033136	0.354314274586	0.399810339074	0.383465807555	0.425882862829	0.356749164804	0.466921265558	0.386827494012	0.386343846424	0.390271029615	0.394306300066	0.383770270604	0.407213651525	0.399381641821	0.375489727952	0.435703865256	0.418483037508	0.400908480867	0.418524880243	0.408107190793	0.404690368688	0.402947361288
MM936M	0.37544357033	0.390904017269	0.390960618392	0.381417474274	0.29036251895	0.413758476764	0.379238050524	0.396226988111	0.388119377081	0.37327841146	0.348101754173	0.448059743624	0.383431187036	0.395103859162	0.412111579313	0.432386755183	0.349907710822	0.434088214925	0.356851231956	0.423577654799	0.367510739602	0.397488251103	0.35953216165	0.386025727058	0.393098385158	0.373630385188	0.422526325038	0.415554184914	0.383020911525	0.410437434468	0.380258909467	0.388884348079	0.362968286452	0.253615660579	0.277325723724	0.0	0.433705147587	0.393546132288	0.317834929545	0.341631183155	0.35918065048	0.38242165684	0.367739996728	0.396420117502	0.304709674789	0.397462624001	0.347192782273	0.330637136393	0.362267797187	0.374382631314	0.357529122757	0.380493505146	0.36408456799	0.398978227113	0.398466388555	0.415406306305	0.37138802899	0.377274215561	0.380885343484	0.390477708274	0.365148335183
MMS706	0.296638212132	0.319995988632	0.336660785612	0.341608137927	0.434973078164	0.300605349604	0.331165831101	0.319491811681	0.343704816962	0.339747580136	0.306987155148	0.292245366223	0.323199336529	0.331381169358	0.338934899744	0.334013197182	0.315985745236	0.365378537591	0.33502953807	0.305548933287	0.296917594313	0.302548808987	0.32238438095	0.261794875594	0.291478428044	0.31356294112	0.27902663627	0.253340085827	0.261809698781	0.252092783288	0.292939550172	0.303713586852	0.294894601737	0.452457058287	0.463844773225	0.433705147587	0.0	0.281110437828	0.332150473534	0.337142411874	0.347938269498	0.329467927343	0.331912710391	0.347561350064	0.35471079346	0.347250336887	0.445325785056	0.313098586983	0.320770823958	0.295028056972	0.295349656979	0.327453817462	0.29093482273	0.461228010585	0.315742029287	0.345887379939	0.274540696411	0.282668881932	0.312257225594	0.361968530295	0.296967916816
MMS707	0.332614185694	0.346337634584	0.280629529383	0.34998720718	0.417881133797	0.376302615402	0.300229263966	0.354589208845	0.259020671874	0.330600862648	0.304692583523	0.277488932551	0.36098403118	0.350325534376	0.36849553531	0.299121744954	0.304491538285	0.397054440057	0.335163120785	0.327455490087	0.326646052718	0.270537178182	0.323524186511	0.334079519096	0.308186565668	0.22315245937	0.269532696734	0.284509902195	0.281689040229	0.285443599251	0.330791031471	0.308734178493	0.319742577339	0.419850462178	0.432321736137	0.393546132288	0.281110437828	0.0	0.307950067059	0.309247470114	0.359478720743	0.305540451579	0.342905270238	0.374374201671	0.346962355182	0.39718025009	0.402086473538	0.310735441275	0.282626087573	0.28341182297	0.314072604704	0.304893536744	0.320511855277	0.440085081125	0.350695648259	0.399418688102	0.323973255536	0.32696955949	0.304042772398	0.374524214359	0.340329541845
MMS704	0.305508472022	0.27491078612	0.318376270395	0.306948538057	0.333120904518	0.314988228776	0.318708843808	0.336158616232	0.311615877511	0.307210017318	0.28695750619	0.360867380721	0.29494461351	0.298290171267	0.322287416424	0.358994248877	0.258098571969	0.344219763787	0.258079420086	0.318333903247	0.316428770978	0.309181540124	0.245011326378	0.324313719267	0.296664765377	0.278837887665	0.352643630728	0.326411794498	0.309344887223	0.330153001848	0.291555236874	0.281413557533	0.283480017229	0.351032503956	0.377287783658	0.317834929545	0.332150473534	0.307950067059	0.0	0.245066676136	0.260529864412	0.301395213258	0.302971366606	0.305989230609	0.23594572874	0.365657730588	0.343738540059	0.265905797525	0.26701911608	0.285548087914	0.282220304866	0.294910753289	0.262567780389	0.405277893774	0.327908720212	0.355494615525	0.333120907221	0.306202748946	0.288641268803	0.260606678423	0.27333874051
MMS705	0.306133723356	0.291737629859	0.278549059728	0.27870510883	0.370919349332	0.329303088648	0.284166583433	0.311334628954	0.288900904729	0.252764332083	0.272616263635	0.334316935181	0.296409795562	0.304067345753	0.344406271852	0.33815759628	0.262192219614	0.365373523437	0.283399744857	0.324074608659	0.301180841759	0.307433202284	0.278803815725	0.323443725581	0.314059477492	0.288624307695	0.32917215252	0.31738020571	0.312974015087	0.318095356725	0.298651868212	0.31371625076	0.271523248129	0.370091208689	0.371631033136	0.341631183155	0.337142411874	0.309247470114	0.245066676136	0.0	0.308494181976	0.299994441129	0.305178585606	0.346181029805	0.290430039177	0.33851339032	0.33376522754	0.267783147631	0.251525700701	0.241741973451	0.294826590882	0.232742220168	0.268889561566	0.359436604368	0.286948724166	0.365699871081	0.307368297444	0.296121212613	0.277054329314	0.300874480777	0.300395101862
MMS702	0.319141240652	0.259379777446	0.344470463155	0.269858723513	0.344314847861	0.287613767242	0.3568543223	0.27223614702	0.361759525437	0.342959979786	0.287331068879	0.372549018858	0.2299181675	0.268102184138	0.285611644631	0.398286654531	0.279155499561	0.315596989777	0.289474509945	0.348542699146	0.335483406117	0.340882537301	0.301115555227	0.342199077801	0.294441909707	0.331131499809	0.385021175158	0.356286778914	0.343787329792	0.352571801466	0.286291814249	0.268170497892	0.285127165492	0.340577258303	0.354314274586	0.35918065048	0.347938269498	0.359478720743	0.260529864412	0.308494181976	0.0	0.329524074199	0.279751160494	0.238174500548	0.242121047256	0.377174501228	0.412329122331	0.275040039992	0.292804250123	0.299027953834	0.315774915167	0.335773943867	0.310893661518	0.387164928397	0.336550811146	0.365534032189	0.347346976591	0.328139676699	0.303917736327	0.181799840879	0.29036359603
MMS703	0.328368060145	0.359870036814	0.23340348711	0.347442188044	0.39210867794	0.37588510635	0.185891865831	0.371872759232	0.310976798967	0.336694228144	0.32899759751	0.362344380297	0.376111652618	0.388155730916	0.420299760258	0.233142861202	0.303435923697	0.40854027615	0.280831972449	0.292940051907	0.375646052875	0.199033695978	0.339532668156	0.367560713138	0.361379045688	0.303058356608	0.338644370675	0.333467389547	0.342573485964	0.357789902879	0.360276906784	0.353393755034	0.337533928359	0.404422348402	0.399810339074	0.38242165684	0.329467927343	0.305540451579	0.301395213258	0.299994441129	0.329524074199	0.0	0.36244900563	0.40400119676	0.337598766334	0.427777843262	0.372173903893	0.304885979491	0.253704332667	0.329272145812	0.312993872076	0.304220862986	0.327968658464	0.445714707532	0.367240064872	0.407112714351	0.361245149022	0.364300187751	0.328544146383	0.343333038737	0.361702915167
MMS700	0.301016940692	0.288012849819	0.329343937151	0.288897399993	0.39913575085	0.283287635857	0.375372159286	0.275504268304	0.365820975317	0.336561991888	0.262262787183	0.342586804185	0.30960155549	0.302153834661	0.344548312289	0.405333878284	0.287923943118	0.359481399263	0.314522075689	0.362387322964	0.297033746427	0.332172016525	0.288766182085	0.297669808903	0.278265919259	0.327472639865	0.354958397754	0.324568971208	0.300650388329	0.315130648546	0.264171752405	0.260727303692	0.215616957102	0.392984283485	0.383465807555	0.367739996728	0.331912710391	0.342905270238	0.302971366606	0.305178585606	0.279751160494	0.36244900563	0.0	0.308195152037	0.301404620893	0.293486690617	0.414443250235	0.30017960034	0.314180678254	0.266678278081	0.291116816604	0.291964311749	0.299341769592	0.303144025777	0.333776477445	0.366942646308	0.299788935039	0.307523621423	0.287566846831	0.293383048358	0.27295087172
