	MMS930	MMS925	MMS911	MMS920	MM933M	MMS922	MMS910	MMS923	MMS715	MMS714	MMS717	MMS716	MMS711	MMS710	MMS713	MMS712	MMS944	MMS921	MMS942	MMS943	MMS908	MMS909	MMS928	MMS929	MMS900	MMS901	MMS902	MMS903	MMS904	MMS905	MMS906	MMS907	MMS919	MM943M	MM941M	MM936M	MMS706	MMS707	MMS704	MMS705	MMS702	MMS703	MMS700	MMS701	MMS708	MMS709	MMS917	MMS939	MMS938	MMS916	MMS931	MMS915	MMS932	MMS918	MMS914	MM9362CU	MMS913	MMS890	MMS891	MMS924	MMS912
MMS930	0.0	0.673374672021	0.715716582164	0.623101464222	0.825607696625	0.599155608775	0.721581090016	0.657836690143	0.754355188596	0.737341792157	0.509612187807	0.65083171781	0.668346815611	0.654080390338	0.720037507737	0.782769315127	0.473737376425	0.724734145204	0.581248598104	0.705956028478	0.536863754941	0.655654588875	0.580182744895	0.45242696575	0.695522284448	0.693744498733	0.64080137739	0.599391399374	0.55403297163	0.60040572962	0.607003368186	0.575659837114	0.61112834326	0.861716614444	0.848831727036	0.772286193656	0.616732077412	0.731729801205	0.648985015441	0.670319856044	0.716740629172	0.718725601844	0.693184097592	0.705356716244	0.702830067639	0.660957061051	0.90524979851	0.497179843597	0.509062837542	0.535876662412	0.511979302671	0.657907602397	0.494245023583	0.949686003434	0.655479230719	0.575967787386	0.559291239665	0.441303529717	0.584714109527	0.700043020543	0.592041553057
MMS925	0.673374672021	0.0	0.726507301234	0.592387336602	0.782123430875	0.555901359007	0.770113920899	0.597278572635	0.782088933971	0.701188245397	0.565922036661	0.683629281398	0.53558161616	0.648904117251	0.625831145369	0.842352866365	0.640887271939	0.648160312489	0.680150078552	0.738829400253	0.627041518214	0.758400904537	0.577068305052	0.60208068661	0.625013359769	0.720968597448	0.750893192986	0.663064275487	0.621309013052	0.65048845751	0.638071064415	0.603699709173	0.615421468691	0.837172845335	0.817681866007	0.776377808777	0.67491589934	0.787589303221	0.582307458895	0.648751447851	0.581748554566	0.766222750575	0.661520309313	0.562514491573	0.62787244915	0.635114482196	0.795397188427	0.615404792101	0.650760491662	0.59385608677	0.685747319273	0.714574589411	0.655354818836	0.812974278457	0.68986625247	0.691108118378	0.617255300459	0.631227469692	0.667888849775	0.544955982008	0.599811628519
MMS911	0.715716582164	0.726507301234	0.0	0.688696793383	0.873693759108	0.725881439161	0.530537442631	0.695160963702	0.627648149583	0.6522772943	0.656486691146	0.693939364264	0.730947266466	0.774971205343	0.780907354251	0.57174807768	0.681733662924	0.779642886656	0.729883968912	0.637742554304	0.72642916835	0.55571532972	0.727946079583	0.742486722259	0.765282909532	0.687444484822	0.626547211195	0.677956553727	0.675754625224	0.631457013625	0.760069374371	0.743108283098	0.677701277883	0.881761130988	0.840824360429	0.818288158957	0.704302620866	0.691874037658	0.739441570972	0.653689627875	0.791476005368	0.52372694026	0.765009061571	0.815060626033	0.794720013923	0.760217526092	0.712114348816	0.689484330889	0.619443017153	0.645108595406	0.703758365198	0.670466893374	0.726304860541	0.840824311422	0.724213804853	0.76339312234	0.665472919753	0.716682027174	0.719075175399	0.785824345536	0.713213639277
MMS920	0.623101464222	0.592387336602	0.688696793383	0.0	0.805038800384	0.584101984726	0.770889164154	0.530739788632	0.72362031722	0.647309282416	0.563716942517	0.635231524075	0.60261633575	0.631559953456	0.663304580085	0.822829322138	0.563188158055	0.538988606756	0.685490074945	0.722630006029	0.594112236125	0.749354638098	0.644126932858	0.638755791878	0.716573912672	0.731088064614	0.715489052998	0.697931347537	0.6602581086	0.642518638655	0.63854382575	0.630217626122	0.62369472591	0.777248105732	0.759629324097	0.754766350825	0.68470807311	0.781635145805	0.671005309527	0.637784984141	0.618142171788	0.753148869152	0.65587898586	0.692233283029	0.691531474317	0.623262179012	0.76308303085	0.551667880061	0.627845865222	0.563742470845	0.66146490681	0.699631356952	0.637966032701	0.829626121374	0.680760856798	0.709275163487	0.582679368211	0.608721246243	0.652399798981	0.638410910744	0.622806651902
MM933M	0.825607696625	0.782123430875	0.873693759108	0.805038800384	0.0	0.782846892592	0.873094284345	0.823610251521	0.857673452519	0.83779398422	0.790309676643	0.861487877054	0.804912646922	0.780698652164	0.828668104749	0.900786704879	0.784797837436	0.830537350823	0.770538541228	0.834646312003	0.804615605048	0.884935634568	0.81052793448	0.80388210979	0.795709647251	0.856325669118	0.880297487429	0.843419685204	0.800713725413	0.81842548395	0.817601239604	0.761712602235	0.802418630402	0.732590558438	0.799495235533	0.73295966994	0.838593003012	0.877346945311	0.785643962254	0.81012410264	0.783496079163	0.884407689458	0.838249025612	0.777677461617	0.773719725654	0.877984984173	0.922279638229	0.783128909544	0.808771781408	0.792722122926	0.743323390258	0.788637951462	0.772607962691	0.862736872676	0.846156092764	0.780238767728	0.813181991743	0.790863526891	0.793502939655	0.833304477486	0.799676716218
MMS922	0.599155608775	0.555901359007	0.725881439161	0.584101984726	0.782846892592	0.0	0.794323204324	0.544473792082	0.743606633187	0.676175130022	0.547267840075	0.704773161734	0.586917701161	0.556130482906	0.666333954362	0.840750207906	0.605745916843	0.605811094947	0.661656719552	0.726370645214	0.598118848637	0.757544997522	0.622973850622	0.596783207298	0.696583370271	0.723096797331	0.722197734701	0.673733346819	0.62114251763	0.631926812718	0.603439002542	0.578593149398	0.598302713937	0.822081732494	0.839977970926	0.783169793461	0.649605436594	0.787655499662	0.616704031487	0.668696819834	0.600120050678	0.760406183522	0.610454399328	0.590026731275	0.65845925006	0.570781697933	0.805293701964	0.594449776123	0.650904556563	0.566675287315	0.645754832177	0.7008355971	0.627946501459	0.806155599767	0.645903342214	0.662366695431	0.579688221233	0.607275355476	0.643821104139	0.604757940206	0.581800837504
MMS910	0.721581090016	0.770113920899	0.530537442631	0.770889164154	0.873094284345	0.794323204324	0.0	0.758980330889	0.679062892798	0.748732425306	0.718448303374	0.702136383243	0.800637186154	0.815890336857	0.84756183214	0.519766681033	0.707204861601	0.836161920846	0.721956537536	0.636976907799	0.760531994488	0.490248105527	0.757780326567	0.7293910739	0.803123666635	0.720218421158	0.616897498056	0.676343818836	0.707437282686	0.698271571206	0.775099339191	0.772393514292	0.734401246939	0.907210809772	0.873689418526	0.825042804136	0.686511441734	0.710293018936	0.748106431715	0.691212252826	0.825506893844	0.430766881462	0.839265646747	0.864900105884	0.827245714972	0.819452147123	0.811433947569	0.708003781351	0.594577696039	0.707038892503	0.710724238718	0.683565129066	0.722783634811	0.902953271361	0.761629197518	0.780512145467	0.729340551247	0.734975965228	0.740090388931	0.822007457398	0.772493498949
MMS923	0.657836690143	0.597278572635	0.695160963702	0.530739788632	0.823610251521	0.544473792082	0.758980330889	0.0	0.71514600187	0.680016818525	0.590789294196	0.65320623077	0.593284501434	0.604937599118	0.70053214001	0.842768559898	0.604948597165	0.590142425217	0.664572294993	0.744451689979	0.633920100798	0.751100495713	0.635513494706	0.62943560604	0.645811490764	0.694061177013	0.712856513177	0.690014312524	0.638507582953	0.663782366029	0.599397416916	0.587419755588	0.576135309562	0.812617132702	0.823001088535	0.767745742718	0.6748306976	0.768113045353	0.653064288634	0.653866880673	0.575587182226	0.757715136919	0.596843878703	0.675569228139	0.627281339859	0.616915176267	0.770429725591	0.619406716373	0.652894070619	0.591195553932	0.680291321815	0.714575248904	0.649451740353	0.785705097147	0.728047308332	0.725674998828	0.629062353004	0.623218267788	0.685007515701	0.613538020883	0.644385081907
MMS715	0.754355188596	0.782088933971	0.627648149583	0.72362031722	0.857673452519	0.743606633187	0.679062892798	0.71514600187	0.0	0.697451105371	0.706245848636	0.659110063215	0.772598387682	0.7166436187	0.771851354235	0.72542542691	0.720890995663	0.736481391343	0.740947302972	0.75622263538	0.749823115834	0.716068827008	0.756846512419	0.770080616341	0.768763502158	0.598948975334	0.53934358912	0.714528322173	0.695075197157	0.657180316282	0.77766839	0.732490692977	0.732716851673	0.864735729663	0.881209516159	0.802257349907	0.718831904029	0.619686598598	0.69543992651	0.680814389143	0.805732015908	0.719234527483	0.799116155573	0.833080037789	0.769401386958	0.79966335697	0.689536616656	0.744942572227	0.681393869519	0.679828195814	0.707141481134	0.653256439197	0.72785891351	0.836343530144	0.734883298731	0.788557631457	0.740774574816	0.750266622938	0.770716377284	0.806015742047	0.768208295738
MMS714	0.737341792157	0.701188245397	0.6522772943	0.647309282416	0.83779398422	0.676175130022	0.748732425306	0.680016818525	0.697451105371	0.0	0.633247453825	0.76409072898	0.697621239478	0.732778254416	0.7117134841	0.7933867705	0.689760002988	0.751514384408	0.749856568687	0.745170504987	0.688655141365	0.807322575019	0.71900395088	0.733653129888	0.762644868815	0.739091068663	0.719917556605	0.739337735432	0.729204949364	0.661090440537	0.753946145806	0.730075196349	0.726486713653	0.859940094321	0.842892696776	0.776340327736	0.722631121286	0.783038208493	0.706818708211	0.584155336335	0.775064699725	0.751395852296	0.764470118835	0.783297027884	0.736903498517	0.643375741485	0.569037864942	0.655514716518	0.699266990613	0.624027012026	0.754333484921	0.69979866752	0.691121861012	0.829169258727	0.691534474176	0.78982255202	0.666587447137	0.706581010482	0.722650641237	0.755821909637	0.717467915029
MMS717	0.509612187807	0.565922036661	0.656486691146	0.563716942517	0.790309676643	0.547267840075	0.718448303374	0.590789294196	0.706245848636	0.633247453825	0.0	0.603472167009	0.583983813134	0.603860869656	0.642072989263	0.78597504743	0.482841472028	0.646616891615	0.572975945485	0.699855717216	0.451647075657	0.691311288867	0.527298549279	0.498187161044	0.653860593601	0.654940539801	0.60096099739	0.599901482445	0.523283272008	0.51568415373	0.563008098187	0.561900718219	0.560671958077	0.798963303281	0.778954775967	0.691282858737	0.629565984818	0.697926432023	0.623108414713	0.611113971512	0.653971713604	0.719219930684	0.628070635252	0.642732242884	0.628230030047	0.577089480834	0.803539288117	0.461192980357	0.535723629357	0.449524334424	0.558390415484	0.659227794011	0.517115387855	0.841110843044	0.619812702237	0.618993970268	0.477246347007	0.448586299344	0.525864025857	0.638674517006	0.525740073522
MMS716	0.65083171781	0.683629281398	0.693939364264	0.635231524075	0.861487877054	0.704773161734	0.702136383243	0.65320623077	0.659110063215	0.76409072898	0.603472167009	0.0	0.717898112406	0.708437102593	0.745767871167	0.79132491596	0.613698700329	0.707711730361	0.691398577025	0.745786936496	0.622429023126	0.712921129611	0.69005659018	0.64547185291	0.713441962727	0.633768437203	0.591174206169	0.654711225089	0.603202394748	0.554648391219	0.667560997725	0.681885579162	0.635349333481	0.879577673048	0.824895638479	0.800646503061	0.632695718498	0.587061076361	0.6847934206	0.687573064387	0.753063786384	0.702808073815	0.715655027448	0.771045881347	0.769565176262	0.71175864729	0.836756713109	0.63510785457	0.613073653257	0.588414125208	0.6606663888	0.7139818637	0.634599663434	0.883372054145	0.726131920886	0.726661494213	0.62676331251	0.625855796597	0.695460137907	0.74422466894	0.689203772079
MMS711	0.668346815611	0.53558161616	0.730947266466	0.60261633575	0.804912646922	0.586917701161	0.800637186154	0.593284501434	0.772598387682	0.697621239478	0.583983813134	0.717898112406	0.0	0.576807849207	0.562065612295	0.845619511866	0.676602074264	0.661432615453	0.706760145451	0.757962826746	0.675481967345	0.768560661848	0.622449736359	0.637128334595	0.66444172229	0.764311537083	0.753618543363	0.662488122032	0.671351927136	0.656487094801	0.634157987801	0.623572326755	0.611803196602	0.787052138989	0.774021314682	0.746079591761	0.688032011565	0.791232468228	0.589796903245	0.626071970593	0.494513693985	0.781481917224	0.672707516706	0.541453520218	0.625003492191	0.642585342389	0.802503830824	0.635162694001	0.68325642628	0.59605434693	0.711662916381	0.718399640246	0.699395478231	0.801500288521	0.637017805484	0.677488721961	0.604929881918	0.660935361401	0.704840320037	0.484477799109	0.547373525384
MMS710	0.654080390338	0.648904117251	0.774971205343	0.631559953456	0.780698652164	0.556130482906	0.815890336857	0.604937599118	0.7166436187	0.732778254416	0.603860869656	0.708437102593	0.576807849207	0.0	0.626232167278	0.869867421215	0.6357468098	0.608085072556	0.687141679822	0.729082140934	0.638610483478	0.791821639072	0.675476802446	0.635538135211	0.700937670678	0.699955293226	0.715405048911	0.662704601363	0.636172085753	0.625282461121	0.646346268635	0.606990134498	0.59179607999	0.741630678156	0.822567728691	0.76330300149	0.69054335648	0.769497048073	0.605974292136	0.665922912353	0.585802505901	0.808903836517	0.656927787941	0.58382302369	0.644024160957	0.670841067062	0.844908552852	0.625682084028	0.66447123508	0.62434752472	0.675859482807	0.71023097332	0.656158246892	0.80231138328	0.649186424213	0.68875619777	0.651699815883	0.631645436335	0.678566837274	0.585625667474	0.602073138014
MMS713	0.720037507737	0.625831145369	0.780907354251	0.663304580085	0.828668104749	0.666333954362	0.84756183214	0.70053214001	0.771851354235	0.7117134841	0.642072989263	0.745767871167	0.562065612295	0.626232167278	0.0	0.844915576054	0.705728490177	0.654312138256	0.738631857018	0.776013202525	0.670962081985	0.793962260788	0.666223637659	0.696002168811	0.681915527712	0.743760384144	0.759107943601	0.674356843947	0.726759926235	0.665138631264	0.733352941785	0.64267751976	0.696877395872	0.859773949656	0.798254791296	0.791054932303	0.72576470749	0.801546622156	0.619393213259	0.740121226301	0.577649165992	0.848592232755	0.750738540868	0.611186971087	0.637265728696	0.749005485998	0.797185115287	0.67118421883	0.718659281906	0.667097680076	0.735282565829	0.779814810001	0.665068833742	0.847341202258	0.602149421245	0.726173183791	0.644969241225	0.684655619511	0.720334237764	0.596825334926	0.603305981614
MMS712	0.782769315127	0.842352866365	0.57174807768	0.822829322138	0.900786704879	0.840750207906	0.519766681033	0.842768559898	0.72542542691	0.7933867705	0.78597504743	0.79132491596	0.845619511866	0.869867421215	0.844915576054	0.0	0.764014165388	0.885244539701	0.78025230366	0.52884404328	0.831462924761	0.605444886061	0.80817851796	0.753559754927	0.856159566566	0.743288908057	0.707747412688	0.750381236404	0.76819585047	0.77259323922	0.83287529223	0.806797447223	0.805020472854	0.906647136088	0.910912814019	0.877695514448	0.720434951754	0.72536064037	0.784119072136	0.766216608473	0.870094614521	0.551589868471	0.881569601456	0.899483581127	0.843003339377	0.87169560325	0.850690039618	0.756977250004	0.711751591551	0.775893698935	0.769966075676	0.764281603425	0.793076114878	0.951041706891	0.749646627782	0.839911151912	0.784600011658	0.810149144307	0.800948488039	0.865265562776	0.809179405448
MMS944	0.473737376425	0.640887271939	0.681733662924	0.563188158055	0.784797837436	0.605745916843	0.707204861601	0.604948597165	0.720890995663	0.689760002988	0.482841472028	0.613698700329	0.676602074264	0.6357468098	0.705728490177	0.764014165388	0.0	0.662238216948	0.593988948334	0.673029473689	0.510584331883	0.673842287597	0.568796585383	0.494287703221	0.671407924357	0.650892284826	0.63884151888	0.598384130406	0.541057226978	0.581730179514	0.577309929206	0.580192883862	0.586183248802	0.808711226677	0.835403995194	0.749080013535	0.625664506211	0.691378919332	0.619083013621	0.627206137608	0.691258356359	0.704732527306	0.678975436136	0.680277042106	0.672801704182	0.646888790185	0.851644768957	0.460296791092	0.522566890479	0.508779157809	0.54833705214	0.667254355192	0.498745458308	0.890954585609	0.659056096676	0.61901692025	0.540935448273	0.459657266668	0.539888413013	0.664851345969	0.60182220581
MMS921	0.724734145204	0.648160312489	0.779642886656	0.538988606756	0.830537350823	0.605811094947	0.836161920846	0.590142425217	0.736481391343	0.751514384408	0.646616891615	0.707711730361	0.661432615453	0.608085072556	0.654312138256	0.885244539701	0.662238216948	0.0	0.734549378467	0.769982560994	0.699724893733	0.818723992201	0.720090714446	0.737723749023	0.755462031693	0.739733351387	0.771168975313	0.745501089357	0.716831402868	0.708024195168	0.728396898308	0.697783999287	0.701350408377	0.796156239279	0.867480480995	0.783837572401	0.761554707103	0.810857545871	0.670706704068	0.733276186511	0.663360231629	0.812535432928	0.743213303773	0.665819490415	0.717355037121	0.69901315548	0.814265464508	0.6387169398	0.727077942496	0.678306075917	0.750963598009	0.780658785467	0.711493576064	0.890964421804	0.703148597927	0.763416535557	0.671281352627	0.708084788118	0.715444931527	0.667641594034	0.672263917346
MMS942	0.581248598104	0.680150078552	0.729883968912	0.685490074945	0.770538541228	0.661656719552	0.721956537536	0.664572294993	0.740947302972	0.749856568687	0.572975945485	0.691398577025	0.706760145451	0.687141679822	0.738631857018	0.78025230366	0.593988948334	0.734549378467	0.0	0.734983559305	0.624935717376	0.724749584995	0.647854158302	0.590877440177	0.672404173055	0.702297490749	0.659622734335	0.662468726578	0.619178791336	0.671146074372	0.661592090757	0.637488668176	0.662054656147	0.850394241174	0.875991754713	0.802572607485	0.653543040677	0.741364073048	0.674809584704	0.668823444307	0.697521214889	0.723665394168	0.717224509272	0.718627238859	0.708028365259	0.750595863615	0.896678692502	0.580356714803	0.581174340866	0.582349892715	0.580400329821	0.647601922592	0.520405725283	0.903872004348	0.693922950056	0.645125508932	0.627246238438	0.575542888857	0.620382247694	0.696763196951	0.632461450902
MMS943	0.705956028478	0.738829400253	0.637742554304	0.722630006029	0.834646312003	0.726370645214	0.636976907799	0.744451689979	0.75622263538	0.745170504987	0.699855717216	0.745786936496	0.757962826746	0.729082140934	0.776013202525	0.52884404328	0.673029473689	0.769982560994	0.734983559305	0.0	0.718199114932	0.68664033008	0.719333218793	0.65673831676	0.79626855599	0.735682989013	0.699311568258	0.701909864451	0.701939995139	0.692625732967	0.744049245389	0.743209968445	0.739929770347	0.746234539691	0.873060383672	0.846226023211	0.665711036823	0.754694931129	0.700827679921	0.728184649485	0.790135166594	0.66092933394	0.803890236955	0.807346452423	0.771597018287	0.802804603004	0.841956224861	0.670463228734	0.665876484432	0.68248539696	0.698263626725	0.753986417943	0.694209990936	0.924682778909	0.752615244264	0.776179457909	0.69199725159	0.692430402527	0.710896004721	0.7808211909	0.74153975332
MMS908	0.536863754941	0.627041518214	0.72642916835	0.594112236125	0.804615605048	0.598118848637	0.760531994488	0.633920100798	0.749823115834	0.688655141365	0.451647075657	0.622429023126	0.675481967345	0.638610483478	0.670962081985	0.831462924761	0.510584331883	0.699724893733	0.624935717376	0.718199114932	0.0	0.737326460543	0.552944352998	0.52866421211	0.660257076596	0.697122803401	0.616231588397	0.621524871912	0.545173217779	0.536401853042	0.554814884088	0.590941385383	0.601391206065	0.816077534104	0.826705005567	0.71443414901	0.627345551722	0.720700879641	0.631278940533	0.645439137495	0.720358261386	0.774454200904	0.669367869751	0.704469981169	0.6376411003	0.582343956787	0.824684711015	0.50615347525	0.558752911668	0.546927630299	0.611217787838	0.701791236882	0.513086283308	0.862170496372	0.67387168954	0.683064879926	0.527215844288	0.48664229552	0.587205886238	0.714527716984	0.583486650683
MMS909	0.655654588875	0.758400904537	0.55571532972	0.749354638098	0.884935634568	0.757544997522	0.490248105527	0.751100495713	0.716068827008	0.807322575019	0.691311288867	0.712921129611	0.768560661848	0.791821639072	0.793962260788	0.605444886061	0.673842287597	0.818723992201	0.724749584995	0.68664033008	0.737326460543	0.0	0.725455937552	0.67585818182	0.742622601029	0.703322249309	0.674992463523	0.625876211771	0.657535269944	0.653179283364	0.747888927819	0.745570765462	0.700070192935	0.888366949207	0.872250382829	0.834868295258	0.662981486522	0.699574540663	0.721389476797	0.738902291076	0.779770465714	0.465821491933	0.786703924268	0.827162066489	0.805028681282	0.798555874214	0.864647640243	0.659244535125	0.606791098216	0.705358613395	0.680606407525	0.691228787755	0.696062153443	0.906404319843	0.768783329743	0.743619402282	0.685940939506	0.696854306022	0.724081139792	0.797207374005	0.687594416706
MMS928	0.580182744895	0.577068305052	0.727946079583	0.644126932858	0.81052793448	0.622973850622	0.757780326567	0.635513494706	0.756846512419	0.71900395088	0.527298549279	0.69005659018	0.622449736359	0.675476802446	0.666223637659	0.80817851796	0.568796585383	0.720090714446	0.647854158302	0.719333218793	0.552944352998	0.725455937552	0.0	0.489360093766	0.673645533665	0.696595656168	0.703775632388	0.661160156343	0.595903065195	0.605049180647	0.586032180296	0.563447567063	0.571672899187	0.83707317096	0.775900975573	0.715895546373	0.668091708571	0.755410011921	0.522675824441	0.634712721864	0.690237779208	0.755878589003	0.666579921687	0.679986547627	0.600071048056	0.601531971355	0.791496010221	0.562364351041	0.592116906856	0.561509169868	0.613386241245	0.689726600029	0.551057915628	0.851229883847	0.691710693925	0.657651252279	0.607183014696	0.515112755395	0.612896857133	0.654683627763	0.551725651432
MMS929	0.45242696575	0.60208068661	0.742486722259	0.638755791878	0.80388210979	0.596783207298	0.7293910739	0.62943560604	0.770080616341	0.733653129888	0.498187161044	0.64547185291	0.637128334595	0.635538135211	0.696002168811	0.753559754927	0.494287703221	0.737723749023	0.590877440177	0.65673831676	0.52866421211	0.67585818182	0.489360093766	0.0	0.655885613872	0.668628618418	0.641790479919	0.572589162254	0.554837931678	0.583192129222	0.51877818703	0.541288160925	0.545642774387	0.832328409912	0.810698418481	0.733283709907	0.576814299678	0.697792962517	0.617044133233	0.646260692369	0.697076281044	0.732355152488	0.612811670458	0.654227299605	0.643533283341	0.601477119007	0.876140869245	0.500642381347	0.55233578929	0.531761976453	0.564754035107	0.658763850571	0.506158174566	0.857311068304	0.649154869181	0.618854899056	0.545854416966	0.454790035754	0.588616635146	0.657570923054	0.533571735186
MMS900	0.695522284448	0.625013359769	0.765282909532	0.716573912672	0.795709647251	0.696583370271	0.803123666635	0.645811490764	0.768763502158	0.762644868815	0.653860593601	0.713441962727	0.66444172229	0.700937670678	0.681915527712	0.856159566566	0.671407924357	0.755462031693	0.672404173055	0.79626855599	0.660257076596	0.742622601029	0.673645533665	0.655885613872	0.0	0.708193435634	0.73676778288	0.646224606543	0.614283469996	0.625657488511	0.644725200013	0.634971189472	0.639965616868	0.872311497042	0.876550376284	0.784754901124	0.633319158534	0.728563960594	0.611428226008	0.697664990151	0.625737197172	0.786548093095	0.648967216316	0.670158145046	0.53094412519	0.721866942718	0.840547651721	0.676575044531	0.686318471671	0.671160973614	0.686116424141	0.702400373963	0.664031830924	0.768821093428	0.760759650128	0.751079729396	0.661104438486	0.704222133377	0.707766224606	0.664524550053	0.646774491303
MMS901	0.693744498733	0.720968597448	0.687444484822	0.731088064614	0.856325669118	0.723096797331	0.720218421158	0.694061177013	0.598948975334	0.739091068663	0.654940539801	0.633768437203	0.764311537083	0.699955293226	0.743760384144	0.743288908057	0.650892284826	0.739733351387	0.702297490749	0.735682989013	0.697122803401	0.703322249309	0.696595656168	0.668628618418	0.708193435634	0.0	0.603805439023	0.607938295974	0.633299337163	0.623375115566	0.712814382312	0.683979732454	0.667971416338	0.893635015584	0.887200123543	0.795280631981	0.635202898455	0.512481258065	0.684425928639	0.7052045348	0.77660632191	0.732169489097	0.750941165858	0.777669980663	0.733581000685	0.780278709057	0.783910170863	0.678518432806	0.633988049216	0.667628039729	0.678254445515	0.681418238246	0.68392306012	0.880829135633	0.701275929615	0.762094912259	0.698976264553	0.689665221986	0.70548639516	0.778757329153	0.707573676711
MMS902	0.64080137739	0.750893192986	0.626547211195	0.715489052998	0.880297487429	0.722197734701	0.616897498056	0.712856513177	0.53934358912	0.719917556605	0.60096099739	0.591174206169	0.753618543363	0.715405048911	0.759107943601	0.707747412688	0.63884151888	0.771168975313	0.659622734335	0.699311568258	0.616231588397	0.674992463523	0.703775632388	0.641790479919	0.73676778288	0.603805439023	0.0	0.606071195051	0.597708154831	0.576927521144	0.698019673777	0.698164802357	0.67475462122	0.904451935484	0.896982679133	0.79132477968	0.637320607793	0.61700460566	0.70384723377	0.688404906285	0.797380506414	0.696060783064	0.766230988858	0.802500424953	0.766514190511	0.748183603749	0.80395063559	0.618236163502	0.560861454657	0.60311278054	0.640596200585	0.672063092691	0.623775401761	0.909088314102	0.696784045996	0.716682242409	0.652991265297	0.616596262454	0.665699261415	0.797500867432	0.722867136227
MMS903	0.599391399374	0.663064275487	0.677956553727	0.697931347537	0.843419685204	0.673733346819	0.676343818836	0.690014312524	0.714528322173	0.739337735432	0.599901482445	0.654711225089	0.662488122032	0.662704601363	0.674356843947	0.750381236404	0.598384130406	0.745501089357	0.662468726578	0.701909864451	0.621524871912	0.625876211771	0.661160156343	0.572589162254	0.646224606543	0.607938295974	0.606071195051	0.0	0.518155846785	0.540333913312	0.655308508492	0.61981637702	0.593173156986	0.870220814112	0.842322860689	0.774177038056	0.601051656698	0.61195275777	0.630446152266	0.651824955385	0.712351284211	0.680379149231	0.686836172224	0.665930888819	0.706332438485	0.713383390355	0.860124256334	0.577198187095	0.565302921093	0.601264303501	0.603580347904	0.6804302218	0.591207329803	0.854520086051	0.652636604525	0.628944078299	0.53991326634	0.61166173912	0.628938000862	0.682808859168	0.57575734744
MMS904	0.55403297163	0.621309013052	0.675754625224	0.6602581086	0.800713725413	0.62114251763	0.707437282686	0.638507582953	0.695075197157	0.729204949364	0.523283272008	0.603202394748	0.671351927136	0.636172085753	0.726759926235	0.76819585047	0.541057226978	0.716831402868	0.619178791336	0.701939995139	0.545173217779	0.657535269944	0.595903065195	0.554837931678	0.614283469996	0.633299337163	0.597708154831	0.518155846785	0.0	0.49340658851	0.603875905596	0.589399458436	0.554641222191	0.833678990467	0.858161915311	0.744845825855	0.57624288459	0.630735040039	0.59804306885	0.639684155603	0.70472617075	0.706542789177	0.645270812829	0.698074237565	0.678293169482	0.657684417196	0.835051230571	0.542981600778	0.562549807979	0.536273354876	0.540675674583	0.656271431806	0.557496907015	0.85049479877	0.661551761219	0.607711813998	0.550533112954	0.540751288757	0.578406318141	0.706423514497	0.599560290374
MMS905	0.60040572962	0.65048845751	0.631457013625	0.642518638655	0.81842548395	0.631926812718	0.698271571206	0.663782366029	0.657180316282	0.661090440537	0.51568415373	0.554648391219	0.656487094801	0.625282461121	0.665138631264	0.77259323922	0.581730179514	0.708024195168	0.671146074372	0.692625732967	0.536401853042	0.653179283364	0.605049180647	0.583192129222	0.625657488511	0.623375115566	0.576927521144	0.540333913312	0.49340658851	0.0	0.617635062342	0.568472924687	0.538694085848	0.831117558563	0.785841583797	0.736346120633	0.558699209559	0.615272082805	0.616796100224	0.641379938516	0.705034640016	0.69383232948	0.650468521771	0.700527333003	0.63619527456	0.643691951901	0.784082741765	0.546551913304	0.54815328268	0.540274285886	0.603856737069	0.657108098238	0.585699407506	0.825898630216	0.664367475446	0.669045690337	0.510292047	0.548229381854	0.613462402738	0.727519567795	0.570948293376
MMS906	0.607003368186	0.638071064415	0.760069374371	0.63854382575	0.817601239604	0.603439002542	0.775099339191	0.599397416916	0.77766839	0.753946145806	0.563008098187	0.667560997725	0.634157987801	0.646346268635	0.733352941785	0.83287529223	0.577309929206	0.728396898308	0.661592090757	0.744049245389	0.554814884088	0.747888927819	0.586032180296	0.51877818703	0.644725200013	0.712814382312	0.698019673777	0.655308508492	0.603875905596	0.617635062342	0.0	0.547779252766	0.561410583826	0.835214240645	0.81229845735	0.769923493781	0.620676989323	0.759463722179	0.637324665981	0.686825630989	0.662415725889	0.787397837894	0.596432362704	0.67021409982	0.561548332509	0.624878084395	0.883871570253	0.597831015597	0.613200163567	0.610268561283	0.66415541591	0.732071923152	0.609771658742	0.824152801793	0.734383392783	0.700127205435	0.608618994002	0.556717405268	0.668530546469	0.642403189639	0.573899114296
MMS907	0.575659837114	0.603699709173	0.743108283098	0.630217626122	0.761712602235	0.578593149398	0.772393514292	0.587419755588	0.732490692977	0.730075196349	0.561900718219	0.681885579162	0.623572326755	0.606990134498	0.64267751976	0.806797447223	0.580192883862	0.697783999287	0.637488668176	0.743209968445	0.590941385383	0.745570765462	0.563447567063	0.541288160925	0.634971189472	0.683979732454	0.698164802357	0.61981637702	0.589399458436	0.568472924687	0.547779252766	0.0	0.545307418397	0.801149812888	0.765624028922	0.777880690222	0.635079262079	0.711916022684	0.616712806218	0.689052837272	0.610490871698	0.771151505015	0.610938086899	0.629693210354	0.549340142336	0.667090510168	0.875104139733	0.575154640903	0.608004105898	0.562842776082	0.626201815482	0.662495829023	0.611884315304	0.812250698729	0.67754843445	0.681122157788	0.5517080642	0.552179259781	0.6111046664	0.641416993681	0.586349585241
MMS919	0.61112834326	0.615421468691	0.677701277883	0.62369472591	0.802418630402	0.598302713937	0.734401246939	0.576135309562	0.732716851673	0.726486713653	0.560671958077	0.635349333481	0.611803196602	0.59179607999	0.696877395872	0.805020472854	0.586183248802	0.701350408377	0.662054656147	0.739929770347	0.601391206065	0.700070192935	0.571672899187	0.545642774387	0.639965616868	0.667971416338	0.67475462122	0.593173156986	0.554641222191	0.538694085848	0.561410583826	0.545307418397	0.0	0.802869150884	0.760561176927	0.726114042485	0.63439015503	0.733928301424	0.593572071683	0.615659437915	0.628055690802	0.732341937203	0.490085659093	0.653555040205	0.609049632781	0.556467241067	0.812602005716	0.590742700799	0.576268206298	0.575611224389	0.635788057901	0.611026650372	0.618909729729	0.679163331702	0.668225080929	0.674894158405	0.582112637893	0.584557091202	0.633212923741	0.62597799987	0.536063660239
MM943M	0.861716614444	0.837172845335	0.881761130988	0.777248105732	0.732590558438	0.822081732494	0.907210809772	0.812617132702	0.864735729663	0.859940094321	0.798963303281	0.879577673048	0.787052138989	0.741630678156	0.859773949656	0.906647136088	0.808711226677	0.796156239279	0.850394241174	0.746234539691	0.816077534104	0.888366949207	0.83707317096	0.832328409912	0.872311497042	0.893635015584	0.904451935484	0.870220814112	0.833678990467	0.831117558563	0.835214240645	0.801149812888	0.802869150884	0.0	0.75057085926	0.686992619812	0.862884358969	0.877904813725	0.801095663037	0.818715342979	0.773672866338	0.905074101793	0.823493042192	0.813146439769	0.796934750024	0.854720299316	0.898487065784	0.782967225904	0.853336051635	0.82281942603	0.817559020678	0.848243102978	0.829784277281	0.878606225898	0.889310985785	0.850795871191	0.813282078396	0.830701399012	0.827677263502	0.823313753777	0.797540254337
MM941M	0.848831727036	0.817681866007	0.840824360429	0.759629324097	0.799495235533	0.839977970926	0.873689418526	0.823001088535	0.881209516159	0.842892696776	0.778954775967	0.824895638479	0.774021314682	0.822567728691	0.798254791296	0.910912814019	0.835403995194	0.867480480995	0.875991754713	0.873060383672	0.826705005567	0.872250382829	0.775900975573	0.810698418481	0.876550376284	0.887200123543	0.896982679133	0.842322860689	0.858161915311	0.785841583797	0.81229845735	0.765624028922	0.760561176927	0.75057085926	0.0	0.671176708869	0.862385074962	0.87117566016	0.814503259022	0.798636920772	0.772225999422	0.884318257729	0.767362108091	0.828670301395	0.765899316466	0.838839812889	0.851038419448	0.809260565109	0.801425687061	0.776206251792	0.810177333839	0.828138344897	0.829916817806	0.777351823871	0.85503175856	0.794441870715	0.786617314053	0.831411568131	0.84561462602	0.842847425143	0.767607244213
MM936M	0.772286193656	0.776377808777	0.818288158957	0.754766350825	0.73295966994	0.783169793461	0.825042804136	0.767745742718	0.802257349907	0.776340327736	0.691282858737	0.800646503061	0.746079591761	0.76330300149	0.791054932303	0.877695514448	0.749080013535	0.783837572401	0.802572607485	0.846226023211	0.71443414901	0.834868295258	0.715895546373	0.733283709907	0.784754901124	0.795280631981	0.79132477968	0.774177038056	0.744845825855	0.736346120633	0.769923493781	0.777880690222	0.726114042485	0.686992619812	0.671176708869	0.0	0.8054245025	0.804784683186	0.692619764633	0.731892894946	0.781439795274	0.856990008605	0.747299807027	0.771129855946	0.720186057061	0.700977268375	0.780361711824	0.693508333856	0.782355662456	0.736697927641	0.735454070817	0.782163614222	0.762070287595	0.81763837929	0.770698452087	0.751741989237	0.711647068507	0.747866358868	0.77871343407	0.817717554264	0.696761994413
MMS706	0.616732077412	0.67491589934	0.704302620866	0.68470807311	0.838593003012	0.649605436594	0.686511441734	0.6748306976	0.718831904029	0.722631121286	0.629565984818	0.632695718498	0.688032011565	0.69054335648	0.72576470749	0.720434951754	0.625664506211	0.761554707103	0.653543040677	0.665711036823	0.627345551722	0.662981486522	0.668091708571	0.576814299678	0.633319158534	0.635202898455	0.637320607793	0.601051656698	0.57624288459	0.558699209559	0.620676989323	0.635079262079	0.63439015503	0.862884358969	0.862385074962	0.8054245025	0.0	0.615077257028	0.640413597754	0.67686153826	0.711700971919	0.670329103006	0.688692015879	0.748654126918	0.66816670254	0.697935284734	0.843044250973	0.602768761066	0.633514966634	0.609805827037	0.624432416366	0.690891429546	0.601515807971	0.875551209667	0.687969713909	0.71621933095	0.60349623565	0.61646817072	0.683705544651	0.71210518594	0.632305101524
MMS707	0.731729801205	0.787589303221	0.691874037658	0.781635145805	0.877346945311	0.787655499662	0.710293018936	0.768113045353	0.619686598598	0.783038208493	0.697926432023	0.587061076361	0.791232468228	0.769497048073	0.801546622156	0.72536064037	0.691378919332	0.810857545871	0.741364073048	0.754694931129	0.720700879641	0.699574540663	0.755410011921	0.697792962517	0.728563960594	0.512481258065	0.61700460566	0.61195275777	0.630735040039	0.615272082805	0.759463722179	0.711916022684	0.733928301424	0.877904813725	0.87117566016	0.804784683186	0.615077257028	0.0	0.698952419943	0.743164624728	0.801893239484	0.704309541955	0.785583095903	0.799015157472	0.762827453589	0.79903580924	0.841517542894	0.695959317676	0.666889613116	0.672539224871	0.717317153316	0.732379181464	0.726140974044	0.900628457638	0.765401098289	0.793507201371	0.690261152447	0.730673333144	0.733087060417	0.819292776195	0.741597199118
MMS704	0.648985015441	0.582307458895	0.739441570972	0.671005309527	0.785643962254	0.616704031487	0.748106431715	0.653064288634	0.69543992651	0.706818708211	0.623108414713	0.6847934206	0.589796903245	0.605974292136	0.619393213259	0.784119072136	0.619083013621	0.670706704068	0.674809584704	0.700827679921	0.631278940533	0.721389476797	0.522675824441	0.617044133233	0.611428226008	0.684425928639	0.70384723377	0.630446152266	0.59804306885	0.616796100224	0.637324665981	0.616712806218	0.593572071683	0.801095663037	0.814503259022	0.692619764633	0.640413597754	0.698952419943	0.0	0.60166633438	0.610660562418	0.739620750417	0.659091869587	0.608690078811	0.556440171667	0.645681510087	0.76258277624	0.608395411394	0.652149261866	0.612815370643	0.638844955078	0.660364172743	0.594662044324	0.8046656933	0.657598150783	0.657357406348	0.648415548758	0.635776769614	0.666213988551	0.607661820737	0.553498699886
MMS705	0.670319856044	0.648751447851	0.653689627875	0.637784984141	0.81012410264	0.668696819834	0.691212252826	0.653866880673	0.680814389143	0.584155336335	0.611113971512	0.687573064387	0.626071970593	0.665922912353	0.740121226301	0.766216608473	0.627206137608	0.733276186511	0.668823444307	0.728184649485	0.645439137495	0.738902291076	0.634712721864	0.646260692369	0.697664990151	0.7052045348	0.688404906285	0.651824955385	0.639684155603	0.641379938516	0.686825630989	0.689052837272	0.615659437915	0.818715342979	0.798636920772	0.731892894946	0.67686153826	0.743164624728	0.60166633438	0.0	0.727751269171	0.699348900555	0.692988056449	0.719902557878	0.680674988518	0.633371267119	0.70469381308	0.620137644557	0.622195329719	0.535428819113	0.654306411377	0.531941840552	0.627147764233	0.757842676828	0.615480857371	0.687333715946	0.623088937985	0.644251956439	0.660522398012	0.687288692611	0.645562667634
MMS702	0.716740629172	0.581748554566	0.791476005368	0.618142171788	0.783496079163	0.600120050678	0.825506893844	0.575587182226	0.805732015908	0.775064699725	0.653971713604	0.753063786384	0.494513693985	0.585802505901	0.577649165992	0.870094614521	0.691258356359	0.663360231629	0.697521214889	0.790135166594	0.720358261386	0.779770465714	0.690237779208	0.697076281044	0.625737197172	0.77660632191	0.797380506414	0.712351284211	0.70472617075	0.705034640016	0.662415725889	0.610490871698	0.628055690802	0.773672866338	0.772225999422	0.781439795274	0.711700971919	0.801893239484	0.610660562418	0.727751269171	0.0	0.79348095497	0.638205620802	0.514840244413	0.565536095945	0.723366916035	0.859967635616	0.662285079343	0.703671735123	0.67652853658	0.717370879328	0.761255155488	0.709157334457	0.786408660155	0.715117434428	0.707484985884	0.6990493697	0.693317902047	0.704819645192	0.450004134012	0.611098117086
MMS703	0.718725601844	0.766222750575	0.52372694026	0.753148869152	0.884407689458	0.760406183522	0.430766881462	0.757715136919	0.719234527483	0.751395852296	0.719219930684	0.702808073815	0.781481917224	0.808903836517	0.848592232755	0.551589868471	0.704732527306	0.812535432928	0.723665394168	0.66092933394	0.774454200904	0.465821491933	0.755878589003	0.732355152488	0.786548093095	0.732169489097	0.696060783064	0.680379149231	0.706542789177	0.69383232948	0.787397837894	0.771151505015	0.732341937203	0.905074101793	0.884318257729	0.856990008605	0.670329103006	0.704309541955	0.739620750417	0.699348900555	0.79348095497	0.0	0.804677828993	0.838514300226	0.813227966328	0.803649140307	0.826444827738	0.69787377135	0.626682153776	0.713197477601	0.712447159415	0.691933210641	0.738684641827	0.891674433255	0.771032294308	0.772414753404	0.712178651843	0.752904874282	0.742781916523	0.800603441008	0.744632602068
MMS700	0.693184097592	0.661520309313	0.765009061571	0.65587898586	0.838249025612	0.610454399328	0.839265646747	0.596843878703	0.799116155573	0.764470118835	0.628070635252	0.715655027448	0.672707516706	0.656927787941	0.750738540868	0.881569601456	0.678975436136	0.743213303773	0.717224509272	0.803890236955	0.669367869751	0.786703924268	0.666579921687	0.612811670458	0.648967216316	0.750941165858	0.766230988858	0.686836172224	0.645270812829	0.650468521771	0.596432362704	0.610938086899	0.490085659093	0.823493042192	0.767362108091	0.747299807027	0.688692015879	0.785583095903	0.659091869587	0.692988056449	0.638205620802	0.804677828993	0.0	0.688857855421	0.640503982335	0.57455043012	0.841040582272	0.667456494207	0.712965391644	0.634841832504	0.681471194343	0.684496004468	0.687153501682	0.631362035941	0.742600074537	0.732619942535	0.638217628837	0.681530226387	0.710200872328	0.661991765377	0.587131634139
