	MMS930	MMS925	MMS911	MMS920	MM933M	MMS922	MMS910	MMS923	MMS715	MMS714	MMS717	MMS716	MMS711	MMS710	MMS713	MMS712	MMS944	MMS921	MMS942	MMS943	MMS908	MMS909	MMS928	MMS929	MMS900	MMS901	MMS902	MMS903	MMS904	MMS905	MMS906	MMS907	MMS919	MM943M	MM941M	MM936M	MMS706	MMS707	MMS704	MMS705	MMS702	MMS703	MMS700	MMS701	MMS708	MMS709	MMS917	MMS939	MMS938	MMS916	MMS931	MMS915	MMS932	MMS918	MMS914	MM9362CU	MMS913	MMS890	MMS891	MMS924	MMS912
MMS930	0.0	0.455376574604	0.465815821529	0.423262404022	0.520121026763	0.425126091317	0.4617151489	0.466667152848	0.486096337794	0.475233874907	0.358627117718	0.542876034769	0.456407876413	0.457224182555	0.49848780488	0.508826115031	0.322305065553	0.595129427015	0.375036044803	0.467937277588	0.374480797188	0.426801972491	0.380379991161	0.341015592382	0.464047015651	0.444346348696	0.451797598805	0.433189454284	0.401801619354	0.53294951053	0.405531586314	0.383198010465	0.417324594265	0.528055715789	0.54107416546	0.474530647783	0.447513482698	0.475533819641	0.411975635361	0.433467075075	0.454037853002	0.45828822076	0.455226649228	0.481200840702	0.43970382643	0.557406346748	0.576588221518	0.34062790809	0.346059255192	0.371024779314	0.346517901734	0.430866880366	0.339661159182	0.631557713206	0.449892566905	0.425271799438	0.404032192983	0.310240788812	0.383045671208	0.457687036051	0.421446298426
MMS925	0.455376574604	0.0	0.487887208113	0.410289864387	0.492292565235	0.406618436038	0.501624106535	0.432762359077	0.522984101189	0.468813506694	0.375944073636	0.57742415197	0.382284422574	0.459367671208	0.438215641146	0.562574063719	0.424946434855	0.543094398129	0.428653882516	0.498837144627	0.429682167315	0.488147885259	0.386553069782	0.432437766646	0.435671658984	0.461075412427	0.527542267512	0.467313934348	0.443463306375	0.559031624918	0.423880645996	0.398307061607	0.419208357833	0.520019279811	0.529508948978	0.489006130116	0.487238763752	0.521701338197	0.387915914739	0.445027698037	0.387415979432	0.497447073706	0.439532325173	0.387749822837	0.407127273833	0.567459399934	0.529497900728	0.404056062022	0.428865785803	0.409935305974	0.455300354521	0.475750220848	0.435013096144	0.546830397523	0.488968836819	0.49441128336	0.437335026538	0.428485337317	0.435855327139	0.360966813233	0.427370941731
MMS911	0.465815821529	0.487887208113	0.0	0.463235762947	0.542369103276	0.501721121952	0.365730827903	0.48039578615	0.411786457555	0.427377269067	0.423669165428	0.579981937181	0.502919735233	0.519258113675	0.524634123968	0.380385585873	0.430389805543	0.63798218522	0.447542015333	0.418293829259	0.479071494881	0.372268669373	0.463885962385	0.51531295912	0.502601732068	0.430316111243	0.436304426413	0.478429960432	0.46227022361	0.544830422309	0.488656945375	0.478267831302	0.439735286119	0.537713980878	0.525577851316	0.496310462636	0.498154880604	0.44614856089	0.456633297996	0.429901683331	0.489458203061	0.347810901081	0.492144635515	0.549628726032	0.486201390004	0.627926038753	0.462712231838	0.433224697882	0.395553203908	0.426178817474	0.450422794748	0.438408577524	0.465094057468	0.552466256831	0.493671513429	0.535352964436	0.460182884197	0.472177656036	0.456602913375	0.499629076096	0.486552804728
MMS920	0.423262404022	0.410289864387	0.463235762947	0.0	0.514622792765	0.421687165056	0.503686119332	0.389123191548	0.478793186272	0.431359125284	0.386506268307	0.541939028338	0.426904118291	0.43763603362	0.463522850417	0.546345514918	0.366850574206	0.490101382279	0.436371178131	0.4836616134	0.415054631702	0.491144872614	0.428071218184	0.470749160308	0.489740415995	0.469406543108	0.504265968146	0.494864115485	0.471497650674	0.571739142482	0.423315558066	0.426693310404	0.428761703987	0.479824568952	0.497939769699	0.47260330557	0.501342651091	0.517683775911	0.435045856426	0.424296076867	0.405056311962	0.484141670111	0.43579267962	0.471941489707	0.43931812361	0.547754332715	0.498410491472	0.365775719355	0.420040259742	0.392179448808	0.440493997298	0.462953839142	0.428887055895	0.56104824037	0.477396783252	0.519588414066	0.419419566068	0.428652386764	0.427167918646	0.413700298084	0.445287330101
MM933M	0.520121026763	0.492292565235	0.542369103276	0.514622792765	0.0	0.516647256917	0.53252834849	0.535034535634	0.532264959517	0.521328543341	0.501298843549	0.672186452008	0.532208287545	0.506463336014	0.554268893314	0.563563955146	0.47661784274	0.660402882395	0.458121978027	0.528366168248	0.524184788898	0.547103393463	0.50411392869	0.539099166502	0.513182985467	0.518122528596	0.592796880583	0.569914176566	0.530011787606	0.657097763347	0.515078779393	0.4859893707	0.509962973022	0.431833585436	0.488210071926	0.424549807845	0.562691984541	0.547865939049	0.464482066684	0.497969707223	0.468678923478	0.527089142311	0.524608345676	0.500446986378	0.453209922193	0.695267606339	0.562496807292	0.482809739955	0.491153654703	0.505631341014	0.464869048535	0.495186767213	0.480834291393	0.552942569863	0.556771091652	0.536237130064	0.545888886654	0.507334661384	0.496916008704	0.503717762604	0.527579272915
MMS922	0.425126091317	0.406618436038	0.501721121952	0.421687165056	0.516647256917	0.0	0.543178860359	0.408574698005	0.509694838599	0.459746523419	0.39608723082	0.59445437431	0.438622425719	0.412398645958	0.473267356128	0.5846463586	0.423700948016	0.506795144609	0.450621122123	0.50697378749	0.430164968031	0.512219035426	0.445523316514	0.457780677248	0.495129518863	0.485214237234	0.533276926675	0.494177937146	0.460214142394	0.553708190494	0.433523462448	0.415805285428	0.433401544811	0.531160297861	0.565213576372	0.512059440674	0.494140811632	0.541412693946	0.429286955538	0.473989882727	0.417901958475	0.513806386368	0.433567644725	0.43009959267	0.456252216288	0.515076079681	0.543963386028	0.42164796508	0.461031739903	0.408468568478	0.44926747564	0.488155413089	0.439900861893	0.56677758597	0.465043260047	0.493678931357	0.42472098272	0.440424926065	0.443260770259	0.420790619895	0.434019307599
MMS910	0.4617151489	0.501624106535	0.365730827903	0.503686119332	0.53252834849	0.543178860359	0.0	0.50846627024	0.435645827899	0.482423454496	0.454383551594	0.574888885	0.536587463759	0.540507802344	0.567244705049	0.353966205148	0.437745829458	0.67029986375	0.432272931403	0.413058498232	0.494594872931	0.339114726126	0.474157887066	0.492416501267	0.523697401784	0.449692300555	0.428074725285	0.468693723221	0.481815521577	0.574778575687	0.484661920846	0.491549133728	0.477504126819	0.542852640108	0.538033509556	0.489874830831	0.476794528683	0.453221476729	0.45427363374	0.44393687756	0.506075011304	0.302213352902	0.537262993447	0.572975173432	0.49797123543	0.662576063762	0.510818622135	0.441921460414	0.372755171403	0.457671076634	0.447456085925	0.44153155228	0.457232863925	0.587080566957	0.508488434443	0.545907633231	0.492121438492	0.474570751215	0.470642468241	0.51297531638	0.519039450794
MMS923	0.466667152848	0.432762359077	0.48039578615	0.389123191548	0.535034535634	0.408574698005	0.50846627024	0.0	0.487775022985	0.46711240279	0.418360695429	0.55712818972	0.438689985191	0.447109918118	0.500045216185	0.580143925484	0.411304613748	0.514766736535	0.440333677519	0.519441233005	0.451738214114	0.509434492503	0.451215364058	0.475242303072	0.448923877976	0.463109341888	0.514776350529	0.503378713209	0.470404860187	0.58870901152	0.423757030673	0.419997066977	0.41635227527	0.521900816348	0.55282020397	0.500254844158	0.513200319101	0.526309126597	0.458979008789	0.459313641287	0.404508923087	0.508487940845	0.426418754734	0.476205062933	0.432011399551	0.555198694225	0.522856354756	0.427720605697	0.454790838782	0.416635087037	0.468429590682	0.493727572301	0.449854376138	0.546541723701	0.526316243742	0.537215145861	0.456568036515	0.444947839268	0.466313275311	0.422471808113	0.487230082576
MMS715	0.486096337794	0.522984101189	0.411786457555	0.478793186272	0.532264959517	0.509694838599	0.435645827899	0.487775022985	0.0	0.455821152018	0.461057636461	0.563820119985	0.526464328239	0.484211379937	0.523441038789	0.475044767852	0.448449312236	0.635584864505	0.45206411532	0.494901197018	0.494903775585	0.453008644343	0.486595310211	0.533800917188	0.507891897144	0.378500940311	0.388493096418	0.498375996767	0.478702321673	0.566366735982	0.499109590751	0.474147202656	0.487425447771	0.516543621305	0.548029377498	0.484411130039	0.507575494467	0.40335557267	0.437072073018	0.435456534363	0.499984743672	0.449582271558	0.523096877947	0.563106621205	0.470847206157	0.668408919047	0.442147296236	0.469914615794	0.425941368383	0.448104704188	0.451735124052	0.425693380006	0.46431179757	0.559398946868	0.500348466732	0.5593971545	0.503892628087	0.493601103789	0.492714513874	0.507852713439	0.527215947188
MMS714	0.475233874907	0.468813506694	0.427377269067	0.431359125284	0.521328543341	0.459746523419	0.482423454496	0.46711240279	0.455821152018	0.0	0.407001984224	0.615296416901	0.474662705756	0.490177582161	0.481309245876	0.51916280758	0.434863798062	0.614179212319	0.461521246123	0.48850987828	0.463498616854	0.51307109841	0.458405540119	0.501302026627	0.510150585694	0.465540421796	0.493420409351	0.511826496412	0.500553785604	0.555095027982	0.477395448153	0.466485165634	0.478093973507	0.519829317204	0.534524827317	0.475640558582	0.506361058341	0.503487394852	0.441397270263	0.39386629143	0.483247965328	0.479368940406	0.493646805499	0.522899476179	0.455667103668	0.54553316688	0.399795242131	0.41095442465	0.443967175344	0.407723962961	0.479513867372	0.46039888574	0.440240463516	0.555015090565	0.466959800031	0.539293235422	0.455104947962	0.458782880982	0.457758301913	0.476392500332	0.48092424725
MMS717	0.358627117718	0.375944073636	0.423669165428	0.386506268307	0.501298843549	0.39608723082	0.454383551594	0.418360695429	0.461057636461	0.407001984224	0.0	0.523049799693	0.40143059778	0.430538369053	0.447322921621	0.513305682698	0.328273377259	0.547371197042	0.367837633885	0.466594137394	0.330623202229	0.441003036315	0.348443608492	0.378145986456	0.441771228816	0.418002450728	0.436892478995	0.442566605011	0.388692177617	0.492103526909	0.371511485811	0.382861686828	0.386947576116	0.485109147764	0.505595982716	0.434933536366	0.45842576004	0.454588228612	0.401497408644	0.402407918848	0.412742154797	0.451603789076	0.415075101455	0.439214086112	0.395735930928	0.517393078214	0.513834529545	0.31373398345	0.364735601087	0.324868601431	0.378045205241	0.43898775796	0.352492871753	0.556358598686	0.436428815899	0.456333963453	0.357712368478	0.326167139829	0.349674275404	0.408525093788	0.375255120835
MMS716	0.542876034769	0.57742415197	0.579981937181	0.541939028338	0.672186452008	0.59445437431	0.574888885	0.55712818972	0.563820119985	0.615296416901	0.523049799693	0.0	0.59130423691	0.595067194196	0.601509240672	0.640595150755	0.529139559162	0.649524722863	0.567515211348	0.623681339557	0.526104495143	0.579320404238	0.569665557593	0.548432945805	0.590622150859	0.531961462301	0.508735399863	0.550094912983	0.518505107227	0.509615530436	0.547614703109	0.554618901526	0.530508496718	0.67297769488	0.645152039679	0.624311845739	0.552888104027	0.503357022834	0.574893966249	0.571091357975	0.608624408365	0.585427250869	0.585662729834	0.623043313542	0.626372250577	0.624503484696	0.667936164979	0.545997776423	0.540775117779	0.505557010811	0.54308614937	0.581012990649	0.535558348348	0.704940752455	0.597454082482	0.60287893641	0.523836597333	0.524156854092	0.565950603442	0.615332351857	0.582560774071
MMS711	0.456407876413	0.382284422574	0.502919735233	0.426904118291	0.532208287545	0.438622425719	0.536587463759	0.438689985191	0.526464328239	0.474662705756	0.40143059778	0.59130423691	0.0	0.431101733073	0.413917541664	0.577063034547	0.458065117852	0.54365103246	0.464121248343	0.526780864945	0.473344170431	0.508610839569	0.427545171958	0.4690810694	0.463482611536	0.506469771535	0.53694860766	0.489309857516	0.486818547377	0.568598632243	0.430349339051	0.428709037158	0.434264968192	0.510937100333	0.519517058813	0.483102138997	0.504763745663	0.533048456875	0.408119014147	0.438258457399	0.349699740699	0.517172146896	0.469784868436	0.39102309974	0.425378276978	0.559904786217	0.549531962021	0.427100435549	0.461232268802	0.416613339495	0.484482848444	0.49421379361	0.479422170063	0.552491813677	0.459820018301	0.487264513995	0.430972837914	0.459984331238	0.46832571371	0.344610066021	0.408584194044
MMS710	0.457224182555	0.459367671208	0.519258113675	0.43763603362	0.506463336014	0.412398645958	0.540507802344	0.447109918118	0.484211379937	0.490177582161	0.430538369053	0.595067194196	0.431101733073	0.0	0.463901537519	0.594446022867	0.43292587293	0.533308490818	0.451953315503	0.502617571035	0.456855537451	0.529712805411	0.46856851481	0.479405865746	0.493511089015	0.460763574807	0.517914354814	0.49671672784	0.462989495558	0.553365300188	0.457789189159	0.42799418177	0.420775457119	0.462875882717	0.537623431962	0.491078311772	0.515577751513	0.51709057024	0.416963021468	0.451405908176	0.40520004546	0.532148098666	0.456968240081	0.431097746091	0.435940156869	0.586304817951	0.558212338878	0.428556184868	0.453115845721	0.439199371548	0.461722139226	0.484234537111	0.449323446984	0.558482594594	0.480230541431	0.509236831326	0.47200703159	0.451933171028	0.465963182687	0.412917579263	0.455488708016
MMS713	0.49848780488	0.438215641146	0.524634123968	0.463522850417	0.554268893314	0.473267356128	0.567244705049	0.500045216185	0.523441038789	0.481309245876	0.447322921621	0.601509240672	0.413917541664	0.463901537519	0.0	0.576960660077	0.483409779943	0.540933695823	0.494896746743	0.537306983758	0.476832727445	0.528484925017	0.45462788928	0.504739673686	0.499449497453	0.487411723707	0.542748199192	0.499993119227	0.524667825717	0.558469291706	0.498005607061	0.437191117206	0.486324354891	0.557019064061	0.535604812061	0.518066330058	0.529106779515	0.543698947421	0.429065381439	0.510392924056	0.420852368123	0.567367840379	0.516105560528	0.456751484832	0.443222283853	0.624226371478	0.540401652115	0.462364234918	0.490903708991	0.455784085165	0.500789851238	0.535307645156	0.460032834736	0.588302967247	0.441341622354	0.52529262127	0.464400331848	0.480640212407	0.482759269313	0.431138660309	0.44423564354
MMS712	0.508826115031	0.562574063719	0.380385585873	0.546345514918	0.563563955146	0.5846463586	0.353966205148	0.580143925484	0.475044767852	0.51916280758	0.513305682698	0.640595150755	0.577063034547	0.594446022867	0.576960660077	0.0	0.483861961913	0.714430675736	0.483176060717	0.364974114897	0.55702940776	0.402646982025	0.517909400548	0.517173432019	0.570698283134	0.479337881805	0.492220252129	0.522920591065	0.52615589945	0.633164159382	0.535634887084	0.522307035624	0.532025489186	0.555202643995	0.571527060848	0.535845212039	0.513061481403	0.474362307623	0.492060290939	0.500874499669	0.549179174668	0.365302223832	0.577792580345	0.608695254378	0.521038274632	0.700064792593	0.545070768415	0.483736149031	0.456172526692	0.514084826049	0.49492869632	0.502908843962	0.5128639375	0.630167174954	0.506939497481	0.586214576913	0.537850582036	0.537579829547	0.514178312879	0.555392707778	0.550705014456
MMS944	0.322305065553	0.424946434855	0.430389805543	0.366850574206	0.47661784274	0.423700948016	0.437745829458	0.411304613748	0.448449312236	0.434863798062	0.328273377259	0.529139559162	0.458065117852	0.43292587293	0.483409779943	0.483861961913	0.0	0.561869315136	0.365420773651	0.433990243129	0.35291074916	0.422488852908	0.358220363453	0.370630958138	0.443608461768	0.398104812481	0.448550284778	0.432324500677	0.389863956538	0.537386523004	0.376109897624	0.380805569104	0.385467907215	0.47267361228	0.515949390952	0.447256426707	0.451966111539	0.436282797057	0.376793336658	0.394592078919	0.423096464192	0.429075315017	0.43594813453	0.455093008418	0.405380178537	0.558970368559	0.523626799635	0.307466490215	0.3396764636	0.343952044426	0.352252727444	0.424767263338	0.328333121476	0.575276948523	0.454156765625	0.445753656311	0.392574306257	0.329261023872	0.350025807516	0.414749193587	0.422612624326
MMS921	0.595129427015	0.543094398129	0.63798218522	0.490101382279	0.660402882395	0.506795144609	0.67029986375	0.514766736535	0.635584864505	0.614179212319	0.547371197042	0.649524722863	0.54365103246	0.533308490818	0.540933695823	0.714430675736	0.561869315136	0.0	0.605249893054	0.645401938483	0.582388129838	0.653036090862	0.586346247995	0.630260534185	0.626116978483	0.617583041827	0.65174356253	0.615755812132	0.597260990299	0.631316850295	0.597618999601	0.558006298643	0.568775799899	0.628482920249	0.685440239192	0.625222959602	0.651626219462	0.660720369092	0.575514090683	0.62513516178	0.549720069191	0.658475691969	0.607624917602	0.543808011355	0.595951111251	0.624603696906	0.667842320415	0.540494139972	0.61048163758	0.572125946712	0.620012404619	0.652032828577	0.599887502478	0.715387817712	0.599280274762	0.637243484896	0.557016306104	0.591142406569	0.575788801143	0.563298276522	0.563976667993
MMS942	0.375036044803	0.428653882516	0.447542015333	0.436371178131	0.458121978027	0.450621122123	0.432272931403	0.440333677519	0.45206411532	0.461521246123	0.367837633885	0.567515211348	0.464121248343	0.451953315503	0.494896746743	0.483176060717	0.365420773651	0.605249893054	0.0	0.460913708466	0.408719549399	0.440405239157	0.395348654691	0.409024570868	0.430643720017	0.419741479748	0.447535027926	0.459298194268	0.42042673589	0.576897525903	0.409290961208	0.402525888324	0.427764048038	0.489455977539	0.529384137016	0.466964848997	0.45656455546	0.45869106708	0.392447199475	0.408700796298	0.414221014054	0.426936540333	0.448519886373	0.470305403757	0.409982241232	0.61825716554	0.539087997803	0.359964302371	0.360228098017	0.380948892946	0.366726891973	0.398790355749	0.329754477647	0.577396825535	0.458582498482	0.463020544159	0.429405997259	0.38145325658	0.39022022071	0.418923221909	0.428166460505
MMS943	0.467937277588	0.498837144627	0.418293829259	0.4836616134	0.528366168248	0.50697378749	0.413058498232	0.519441233005	0.494901197018	0.48850987828	0.466594137394	0.623681339557	0.526780864945	0.502617571035	0.537306983758	0.364974114897	0.433990243129	0.645401938483	0.460913708466	0.0	0.495470312812	0.453052246667	0.475102147629	0.462987896755	0.541560890852	0.472555247311	0.494871511554	0.497887307203	0.495259479072	0.602140575535	0.485108090726	0.495964991952	0.498006643952	0.478756545671	0.553268815258	0.522838850811	0.484281658713	0.503978668779	0.44499414276	0.483264758039	0.501050957981	0.423735897754	0.531093065693	0.550543564368	0.488742460083	0.669233135215	0.542454977302	0.433390456144	0.427896415027	0.459535523243	0.45000812222	0.498010154733	0.455975536759	0.620550218158	0.518020825055	0.551531045418	0.482551851673	0.472648855364	0.471864230819	0.50408829092	0.516220693159
MMS908	0.374480797188	0.429682167315	0.479071494881	0.415054631702	0.524184788898	0.430164968031	0.494594872931	0.451738214114	0.494903775585	0.463498616854	0.330623202229	0.526104495143	0.473344170431	0.456855537451	0.476832727445	0.55702940776	0.35291074916	0.582388129838	0.408719549399	0.495470312812	0.0	0.48141608894	0.373396674634	0.401024442406	0.460427510196	0.455802628802	0.443400142696	0.45468771716	0.400221646512	0.50159510102	0.378513399891	0.402371162423	0.413791547099	0.519326870106	0.545676345962	0.457281973006	0.465326939748	0.477602954679	0.42429224158	0.437143658358	0.472883942061	0.501386244963	0.451706157797	0.483692237357	0.423965923044	0.512396904788	0.546421208563	0.354521808807	0.387662345172	0.389110452439	0.415669829597	0.470690041422	0.370843012898	0.585727007574	0.476513604774	0.503856937347	0.391457812925	0.350556316474	0.389826058807	0.476138534483	0.422417034215
MMS909	0.426801972491	0.488147885259	0.372268669373	0.491144872614	0.547103393463	0.512219035426	0.339114726126	0.509434492503	0.453008644343	0.51307109841	0.441003036315	0.579320404238	0.508610839569	0.529712805411	0.528484925017	0.402646982025	0.422488852908	0.653036090862	0.440405239157	0.453052246667	0.48141608894	0.0	0.45959536163	0.45545245035	0.480939834387	0.439444027824	0.464225354086	0.436103953826	0.450743919029	0.5467602018	0.473335783861	0.481841673122	0.451921038327	0.536299540687	0.541776402603	0.501403280026	0.458168211112	0.444188936893	0.443856347552	0.465667984954	0.483453044055	0.316604157829	0.504848164825	0.54490365217	0.492575004715	0.642769563931	0.541205886888	0.413367250692	0.384597532405	0.458321582597	0.428981894987	0.446934003689	0.441985003871	0.591737621203	0.51107190247	0.51607469212	0.467832484662	0.452044275626	0.454913275748	0.49957011876	0.462595779669
MMS928	0.380379991161	0.386553069782	0.463885962385	0.428071218184	0.50411392869	0.445523316514	0.474157887066	0.451215364058	0.486595310211	0.458405540119	0.348443608492	0.569665557593	0.427545171958	0.46856851481	0.45462788928	0.517909400548	0.358220363453	0.586346247995	0.395348654691	0.475102147629	0.373396674634	0.45959536163	0.0	0.360525362068	0.45770953817	0.438436285975	0.486128942967	0.464758305377	0.428043373396	0.535613657449	0.385815354784	0.358675638012	0.39897641997	0.509114949892	0.495300156218	0.451305447857	0.48108606084	0.486631262334	0.358812864211	0.418802440665	0.437420500061	0.466050432101	0.448055452496	0.460094832407	0.384409445181	0.547752502116	0.509983302056	0.350438315018	0.375946981871	0.374965830252	0.397448982	0.448819051598	0.360572988776	0.566262179731	0.474541466293	0.463110368818	0.424535035742	0.333876473769	0.383068735551	0.418458745244	0.398072433371
MMS929	0.341015592382	0.432437766646	0.51531295912	0.470749160308	0.539099166502	0.457780677248	0.492416501267	0.475242303072	0.533800917188	0.501302026627	0.378145986456	0.548432945805	0.4690810694	0.479405865746	0.504739673686	0.517173432019	0.370630958138	0.630260534185	0.409024570868	0.462987896755	0.401024442406	0.45545245035	0.360525362068	0.0	0.476623771236	0.462980606935	0.470655704154	0.429384856407	0.433503500607	0.535596854271	0.382361173097	0.388040321688	0.409566966259	0.54195994661	0.550611621893	0.49095346271	0.448759381092	0.48824715142	0.440934042032	0.459605063342	0.486608319407	0.494871365316	0.440574365583	0.475691265075	0.451304851412	0.53754730481	0.592961154708	0.370640335669	0.40528803475	0.400683117592	0.408770461617	0.463520062614	0.372958496206	0.599995141587	0.479828993059	0.47387448771	0.419203079074	0.348381095628	0.42012361261	0.467835380137	0.417412064386
MMS900	0.464047015651	0.435671658984	0.502601732068	0.489740415995	0.513182985467	0.495129518863	0.523697401784	0.448923877976	0.507891897144	0.510150585694	0.441771228816	0.590622150859	0.463482611536	0.493511089015	0.499449497453	0.570698283134	0.443608461768	0.626116978483	0.430643720017	0.541560890852	0.460427510196	0.480939834387	0.45770953817	0.476623771236	0.0	0.459757160068	0.518677048887	0.461841546609	0.435886603098	0.549765697392	0.443096270959	0.434735262289	0.440325051396	0.549848243972	0.569457987238	0.50071499942	0.457387654402	0.483207642655	0.417107719465	0.471090078277	0.427440579311	0.506712384311	0.440962442917	0.470642708423	0.371491882296	0.627409368676	0.554546656218	0.449490790063	0.452563348319	0.456613919719	0.45354086607	0.465704167252	0.446311772856	0.529621691303	0.528682120397	0.539892061254	0.46928771037	0.483627780097	0.466112870103	0.448836120939	0.467379336861
MMS901	0.444346348696	0.461075412427	0.430316111243	0.469406543108	0.518122528596	0.485214237234	0.449692300555	0.463109341888	0.378500940311	0.465540421796	0.418002450728	0.531961462301	0.506469771535	0.460763574807	0.487411723707	0.479337881805	0.398104812481	0.617583041827	0.419741479748	0.472555247311	0.455802628802	0.439444027824	0.438436285975	0.462980606935	0.459757160068	0.0	0.426334426785	0.430591211547	0.437922159382	0.545202489487	0.448731933817	0.429014776551	0.436517739768	0.526986677394	0.547352070571	0.473209515308	0.451651029609	0.351171688788	0.416788806026	0.439688980045	0.477819449568	0.444460087479	0.482516644397	0.511109865885	0.438191641472	0.647410969894	0.48658885093	0.417434322604	0.395737321349	0.431049355166	0.425315188068	0.426944079958	0.433797063985	0.570328264266	0.468053210249	0.532410617645	0.471197831606	0.448128598395	0.446510508186	0.48025556273	0.479060330382
MMS902	0.451797598805	0.527542267512	0.436304426413	0.504265968146	0.592796880583	0.533276926675	0.428074725285	0.514776350529	0.388493096418	0.493420409351	0.436892478995	0.508735399863	0.53694860766	0.517914354814	0.542748199192	0.492220252129	0.448550284778	0.65174356253	0.447535027926	0.494871511554	0.443400142696	0.464225354086	0.486128942967	0.470655704154	0.518677048887	0.426334426785	0.0	0.453192074971	0.444814013448	0.511837727264	0.480492269082	0.48676475923	0.481576885373	0.591368295488	0.605404407623	0.523176449791	0.477644053772	0.43144287931	0.481010305155	0.476923216025	0.540822955213	0.476462782694	0.530735754765	0.57015865591	0.521143318785	0.620578321052	0.545632186042	0.438531551746	0.411435189712	0.432127139031	0.446106160371	0.465667597447	0.440103724145	0.634884232508	0.500896485167	0.530457251963	0.474385955016	0.441450594133	0.466110046964	0.550674455661	0.530481952087
MMS903	0.433189454284	0.467313934348	0.478429960432	0.494864115485	0.569914176566	0.494177937146	0.468693723221	0.503378713209	0.498375996767	0.511826496412	0.442566605011	0.550094912983	0.489309857516	0.49671672784	0.499993119227	0.522920591065	0.432324500677	0.615755812132	0.459298194268	0.497887307203	0.45468771716	0.436103953826	0.464758305377	0.429384856407	0.461841546609	0.430591211547	0.453192074971	0.0	0.393950818058	0.490596358057	0.460599897513	0.434699588202	0.42334921553	0.578435491632	0.5799234495	0.520367737629	0.462469284265	0.448805992636	0.444541855641	0.46424885455	0.502157347659	0.469134943414	0.489505410185	0.488709925877	0.493299959865	0.600715656318	0.586686569867	0.420353880044	0.420203696833	0.44656462909	0.432432368655	0.477491075745	0.430146404226	0.608559491032	0.483982112209	0.471130235455	0.398266899526	0.445959874886	0.438608163811	0.488721053161	0.440767878365
MMS904	0.401801619354	0.443463306375	0.46227022361	0.471497650674	0.530011787606	0.460214142394	0.481815521577	0.470404860187	0.478702321673	0.500553785604	0.388692177617	0.518505107227	0.486818547377	0.462989495558	0.524667825717	0.52615589945	0.389863956538	0.597260990299	0.42042673589	0.495259479072	0.400221646512	0.450743919029	0.428043373396	0.433503500607	0.435886603098	0.437922159382	0.444814013448	0.393950818058	0.0	0.46998813978	0.428629315069	0.412478200475	0.399021475786	0.541400593712	0.573471773025	0.490941088658	0.445229371166	0.438819622284	0.420031227007	0.452465911706	0.480730328439	0.47885748088	0.456028736352	0.49794432207	0.465879076848	0.575450375395	0.569607395006	0.387762551582	0.408818736063	0.401656052469	0.389120807072	0.45617380348	0.404438651981	0.593966102209	0.480116991859	0.46365032311	0.411543268245	0.402242730856	0.393856373557	0.488229401324	0.451416117709
MMS905	0.53294951053	0.559031624918	0.544830422309	0.571739142482	0.657097763347	0.553708190494	0.574778575687	0.58870901152	0.566366735982	0.555095027982	0.492103526909	0.509615530436	0.568598632243	0.553365300188	0.558469291706	0.633164159382	0.537386523004	0.631316850295	0.576897525903	0.602140575535	0.50159510102	0.5467602018	0.535613657449	0.535596854271	0.549765697392	0.545202489487	0.511837727264	0.490596358057	0.46998813978	0.0	0.552306217251	0.504736420385	0.491267104504	0.662036196814	0.641811758761	0.602983540093	0.517716413842	0.531506773918	0.555844005976	0.568512758011	0.596405805459	0.581475334396	0.574107186702	0.590968114953	0.576867791002	0.60481837995	0.647858003927	0.507025002378	0.51582106663	0.51100947615	0.532947958607	0.567624560432	0.532278610214	0.683670852131	0.568110785912	0.576431134182	0.465343232023	0.491733450495	0.522136460774	0.622480833792	0.522519116831
MMS906	0.405531586314	0.423880645996	0.488656945375	0.423315558066	0.515078779393	0.433523462448	0.484661920846	0.423757030673	0.499109590751	0.477395448153	0.371511485811	0.547614703109	0.430349339051	0.457789189159	0.498005607061	0.535634887084	0.376109897624	0.597618999601	0.409290961208	0.485108090726	0.378513399891	0.473335783861	0.385815354784	0.382361173097	0.443096270959	0.448731933817	0.480492269082	0.460599897513	0.428629315069	0.552306217251	0.0	0.381705044692	0.393253630841	0.510098066751	0.522650841824	0.47456345867	0.442712656555	0.490895404347	0.41068125516	0.447477701491	0.426946017034	0.492350683493	0.417946698759	0.452761759054	0.372840401371	0.550677085235	0.563335699404	0.386198735065	0.397958939111	0.411127571634	0.434496439353	0.477998544564	0.401315213898	0.563680348489	0.503501308088	0.49295239817	0.429873162294	0.376834085785	0.428830625103	0.411148225531	0.409556891632
MMS907	0.383198010465	0.398307061607	0.478267831302	0.426693310404	0.4859893707	0.415805285428	0.491549133728	0.419997066977	0.474147202656	0.466485165634	0.382861686828	0.554618901526	0.428709037158	0.42799418177	0.437191117206	0.522307035624	0.380805569104	0.558006298643	0.402525888324	0.495964991952	0.402371162423	0.481841673122	0.358675638012	0.388040321688	0.434735262289	0.429014776551	0.48676475923	0.434699588202	0.412478200475	0.504736420385	0.381705044692	0.0	0.376445402851	0.498771960817	0.508280636859	0.486246802941	0.461586320206	0.461811448499	0.393987459178	0.451763707046	0.408054503609	0.489875178831	0.416489151672	0.424803685808	0.367378870525	0.561279342674	0.560315752108	0.376650891795	0.40398745872	0.375301877719	0.412270267372	0.43023543256	0.403895397653	0.547563263286	0.46198144045	0.48106552222	0.38157566579	0.373294433879	0.385079189863	0.41730929581	0.405838609697
MMS919	0.417324594265	0.419208357833	0.439735286119	0.428761703987	0.509962973022	0.433401544811	0.477504126819	0.41635227527	0.487425447771	0.478093973507	0.386947576116	0.530508496718	0.434264968192	0.420775457119	0.486324354891	0.532025489186	0.385467907215	0.568775799899	0.427764048038	0.498006643952	0.413791547099	0.451921038327	0.39897641997	0.409566966259	0.440325051396	0.436517739768	0.481576885373	0.42334921553	0.399021475786	0.491267104504	0.393253630841	0.376445402851	0.0	0.503954980665	0.500099520806	0.458780405682	0.470081705066	0.487867096092	0.405207212737	0.41252963234	0.420403605584	0.46990710392	0.356822165149	0.44811808493	0.415404192958	0.496633602605	0.536441851742	0.39326557782	0.385602964079	0.393243300798	0.426598214296	0.418617415331	0.420492458416	0.473552134039	0.465745422652	0.487740461367	0.408222209573	0.400940315687	0.41738397657	0.421024074774	0.394749418709
MM943M	0.528055715789	0.520019279811	0.537713980878	0.479824568952	0.431833585436	0.531160297861	0.542852640108	0.521900816348	0.516543621305	0.519829317204	0.485109147764	0.67297769488	0.510937100333	0.462875882717	0.557019064061	0.555202643995	0.47267361228	0.628482920249	0.489455977539	0.478756545671	0.519326870106	0.536299540687	0.509114949892	0.54195994661	0.549848243972	0.526986677394	0.591368295488	0.578435491632	0.541400593712	0.662036196814	0.510098066751	0.498771960817	0.503954980665	0.0	0.441432614917	0.385337582547	0.571278955073	0.534608937158	0.463754179704	0.483266640841	0.45143508224	0.526304462799	0.505639084496	0.508947648083	0.453100145307	0.667964967995	0.530796608518	0.469206975488	0.509039219611	0.512681153826	0.491084627254	0.516812482543	0.502989121381	0.543190717904	0.574729352953	0.569810787074	0.534222891795	0.523714556841	0.503527047495	0.478981168486	0.512456763748
MM941M	0.54107416546	0.529508948978	0.525577851316	0.497939769699	0.488210071926	0.565213576372	0.538033509556	0.55282020397	0.548029377498	0.534524827317	0.505595982716	0.645152039679	0.519517058813	0.537623431962	0.535604812061	0.571527060848	0.515949390952	0.685440239192	0.529384137016	0.553268815258	0.545676345962	0.541776402603	0.495300156218	0.550611621893	0.569457987238	0.547352070571	0.605404407623	0.5799234495	0.573471773025	0.641811758761	0.522650841824	0.508280636859	0.500099520806	0.441432614917	0.0	0.396479383047	0.588775361161	0.549342521677	0.496496492116	0.490985863389	0.477951433903	0.532221602518	0.498855792745	0.543142679773	0.464243830475	0.672620284159	0.521882258346	0.501191379481	0.494878467669	0.50188631462	0.506583300465	0.528739584079	0.518302983659	0.500443032411	0.568779362295	0.547359492346	0.537643090179	0.534784117518	0.532917971901	0.521740101598	0.52266358153
MM936M	0.474530647783	0.489006130116	0.496310462636	0.47260330557	0.424549807845	0.512059440674	0.489874830831	0.500254844158	0.484411130039	0.475640558582	0.434933536366	0.624311845739	0.483102138997	0.491078311772	0.518066330058	0.535845212039	0.447256426707	0.625222959602	0.466964848997	0.522838850811	0.457281973006	0.501403280026	0.451305447857	0.49095346271	0.50071499942	0.473209515308	0.523176449791	0.520367737629	0.490941088658	0.602983540093	0.47456345867	0.486246802941	0.458780405682	0.385337582547	0.396479383047	0.0	0.536322563093	0.489446466274	0.415093542453	0.442787691794	0.459370043834	0.497436835666	0.464397798682	0.487085914945	0.417713817515	0.592841348539	0.469036173678	0.421638080742	0.468301212213	0.464154256624	0.454035419735	0.480658314375	0.467537844385	0.509103640677	0.501936913385	0.510672820471	0.474736123802	0.470598039016	0.482861624937	0.48968617821	0.462771292669
MMS706	0.447513482698	0.487238763752	0.498154880604	0.501342651091	0.562691984541	0.494140811632	0.476794528683	0.513200319101	0.507575494467	0.506361058341	0.45842576004	0.552888104027	0.504763745663	0.515577751513	0.529106779515	0.513061481403	0.451966111539	0.651626219462	0.45656455546	0.484281658713	0.465326939748	0.458168211112	0.48108606084	0.448759381092	0.457387654402	0.451651029609	0.477644053772	0.462469284265	0.445229371166	0.517716413842	0.442712656555	0.461586320206	0.470081705066	0.571278955073	0.588775361161	0.536322563093	0.0	0.441437944447	0.455701685297	0.491411947686	0.501240503082	0.465193745642	0.499891817442	0.538260418667	0.475369305553	0.605405386875	0.582105399428	0.432062046127	0.463961234779	0.448754322505	0.44149714672	0.493631888702	0.436528384618	0.6242293257	0.502720935343	0.542884605747	0.45061448748	0.448337865673	0.480958852742	0.506021299634	0.485223897265
MMS707	0.475533819641	0.521701338197	0.44614856089	0.517683775911	0.547865939049	0.541412693946	0.453221476729	0.526309126597	0.40335557267	0.503487394852	0.454588228612	0.503357022834	0.533048456875	0.51709057024	0.543698947421	0.474362307623	0.436282797057	0.660720369092	0.45869106708	0.503978668779	0.477602954679	0.444188936893	0.486631262334	0.48824715142	0.483207642655	0.351171688788	0.43144287931	0.448805992636	0.438819622284	0.531506773918	0.490895404347	0.461811448499	0.487867096092	0.534608937158	0.549342521677	0.489446466274	0.441437944447	0.0	0.44136480827	0.473315789381	0.503481905461	0.438469548845	0.516775473736	0.534227650757	0.471189472981	0.648471079428	0.533717664775	0.44388490453	0.426101451859	0.440642478853	0.46071925123	0.471197872958	0.47025545029	0.597935805455	0.52631732024	0.556436328663	0.478115054434	0.484807626981	0.46707193215	0.521302844521	0.511713684099
MMS704	0.411975635361	0.387915914739	0.456633297996	0.435045856426	0.464482066684	0.429286955538	0.45427363374	0.458979008789	0.437072073018	0.441397270263	0.401497408644	0.574893966249	0.408119014147	0.416963021468	0.429065381439	0.492060290939	0.376793336658	0.575514090683	0.392447199475	0.44499414276	0.42429224158	0.443856347552	0.358812864211	0.440934042032	0.417107719465	0.416788806026	0.481010305155	0.444541855641	0.420031227007	0.555844005976	0.41068125516	0.393987459178	0.405207212737	0.463754179704	0.496496492116	0.415093542453	0.455701685297	0.44136480827	0.0	0.386239869536	0.382968503118	0.440906928984	0.435461022733	0.408635957214	0.346693911519	0.588873889496	0.479107895512	0.378092345661	0.401321118521	0.400661893416	0.398247206167	0.415705116522	0.374426656196	0.526464418424	0.449016392766	0.454397412371	0.445905228756	0.415220900464	0.414276845088	0.379143192105	0.394068951664
MMS705	0.433467075075	0.445027698037	0.429901683331	0.424296076867	0.497969707223	0.473989882727	0.44393687756	0.459313641287	0.435456534363	0.39386629143	0.402407918848	0.571091357975	0.438258457399	0.451405908176	0.510392924056	0.500874499669	0.394592078919	0.62513516178	0.408700796298	0.483264758039	0.437143658358	0.465667984954	0.418802440665	0.459605063342	0.471090078277	0.439688980045	0.476923216025	0.46424885455	0.452465911706	0.568512758011	0.447477701491	0.451763707046	0.41252963234	0.483266640841	0.490985863389	0.442787691794	0.491411947686	0.473315789381	0.386239869536	0.0	0.455425264381	0.442890481379	0.450874180758	0.492037722598	0.421265621568	0.562523536724	0.459178197127	0.40213432278	0.396863609223	0.362201632593	0.420869296927	0.353923430962	0.40647429976	0.502782935151	0.428287414987	0.483364753714	0.435547899717	0.427818386011	0.421002798614	0.436128520125	0.450155826201
MMS702	0.454037853002	0.387415979432	0.489458203061	0.405056311962	0.468678923478	0.417901958475	0.506075011304	0.404508923087	0.499984743672	0.483247965328	0.412742154797	0.608624408365	0.349699740699	0.40520004546	0.420852368123	0.549179174668	0.423096464192	0.549720069191	0.414221014054	0.501050957981	0.472883942061	0.483453044055	0.437420500061	0.486608319407	0.427440579311	0.477819449568	0.540822955213	0.502157347659	0.480730328439	0.596405805459	0.426946017034	0.408054503609	0.420403605584	0.45143508224	0.477951433903	0.459370043834	0.501240503082	0.503481905461	0.382968503118	0.455425264381	0.0	0.471170209426	0.418277179732	0.352891139521	0.35716140195	0.612732391038	0.53175993092	0.404812940763	0.430556694513	0.432289655665	0.449448214484	0.480974716672	0.445595797302	0.513048786988	0.487078885106	0.494551107999	0.472683184213	0.454413695207	0.443416065389	0.2899998053	0.425530488992
MMS703	0.45828822076	0.497447073706	0.347810901081	0.484141670111	0.527089142311	0.513806386368	0.302213352902	0.508487940845	0.449582271558	0.479368940406	0.451603789076	0.585427250869	0.517172146896	0.532148098666	0.567367840379	0.365302223832	0.429075315017	0.658475691969	0.426936540333	0.423735897754	0.501386244963	0.316604157829	0.466050432101	0.494871365316	0.506712384311	0.444460087479	0.476462782694	0.469134943414	0.47885748088	0.581475334396	0.492350683493	0.489875178831	0.46990710392	0.526304462799	0.532221602518	0.497436835666	0.465193745642	0.438469548845	0.440906928984	0.442890481379	0.471170209426	0.0	0.506360967173	0.545406001475	0.474773235046	0.652303834264	0.505965627712	0.427645884919	0.384885429423	0.4590177531	0.442089318249	0.443858323825	0.464305965139	0.569455332323	0.51498627666	0.532345898508	0.483176612097	0.490050863562	0.464838576418	0.489132737355	0.495451605408
MMS700	0.455226649228	0.439532325173	0.492144635515	0.43579267962	0.524608345676	0.433567644725	0.537262993447	0.426418754734	0.523096877947	0.493646805499	0.415075101455	0.585662729834	0.469784868436	0.456968240081	0.516105560528	0.577792580345	0.43594813453	0.607624917602	0.448519886373	0.531093065693	0.451706157797	0.504848164825	0.448055452496	0.440574365583	0.440962442917	0.482516644397	0.530735754765	0.489505410185	0.456028736352	0.574107186702	0.417946698759	0.416489151672	0.356822165149	0.505639084496	0.498855792745	0.464397798682	0.499891817442	0.516775473736	0.435461022733	0.450874180758	0.418277179732	0.506360967173	0.0	0.465778089622	0.425044407928	0.51946974869	0.546147584562	0.430900689884	0.462805342699	0.418850502419	0.439593411906	0.452397601523	0.44918487439	0.443280920804	0.506319852634	0.512834483006	0.440974730065	0.455801290231	0.461563979996	0.430932850893	0.423568183813
