	MMS930	MMS925	MMS911	MMS920	MM933M	MMS922	MMS910	MMS923	MMS715	MMS714	MMS717	MMS716	MMS711	MMS710	MMS713	MMS712	MMS944	MMS921	MMS942	MMS943	MMS908	MMS909	MMS928	MMS929	MMS900	MMS901	MMS902	MMS903	MMS904	MMS905	MMS906	MMS907	MMS919	MM943M	MM941M	MM936M	MMS706	MMS707	MMS704	MMS705	MMS702	MMS703	MMS700	MMS701	MMS708	MMS709	MMS917	MMS939	MMS938	MMS916	MMS931	MMS915	MMS932	MMS918	MMS914	MM9362CU	MMS913	MMS890	MMS891	MMS924	MMS912
MMS930	0.0	0.311834567944	0.3185580825	0.283242548617	0.400205583279	0.277886964895	0.310126668917	0.311507409287	0.345327289429	0.326626699735	0.2226443083	0.310185599671	0.308615992822	0.316535254811	0.343390902434	0.343163777631	0.199028478327	0.361162757339	0.259161302957	0.3206596696	0.233564767738	0.272932273561	0.24059076799	0.210500950863	0.318312633206	0.315167278265	0.289482693519	0.275070558681	0.255177118054	0.301548539685	0.257859175097	0.249306643691	0.28059841783	0.412410272671	0.418934182733	0.375096178602	0.294483536825	0.331501510132	0.305050945627	0.306128749982	0.318837175706	0.328297971999	0.300894504454	0.317699018651	0.339971156826	0.328366991391	0.450452943856	0.227225230167	0.234310222373	0.23230865469	0.20854487927	0.28352963004	0.205773854885	0.487313333463	0.297773080483	0.275312322632	0.251145287724	0.188974614827	0.240645391689	0.330373020508	0.281100001186
MMS925	0.311834567944	0.0	0.32432862239	0.25796512002	0.374974248509	0.24517724391	0.352057421202	0.260077668075	0.36776461692	0.308791870009	0.240865181123	0.322857465651	0.234795885884	0.295126022227	0.286577807736	0.381536838874	0.283416462328	0.295928733286	0.301669948544	0.328159831971	0.277028786726	0.328729977494	0.247646226653	0.277594909607	0.27702332665	0.320666228096	0.351516715893	0.310446511714	0.278310205132	0.306227604395	0.272419344166	0.238679012823	0.256253463604	0.411667021746	0.419169237549	0.389589367824	0.319279231225	0.346126744559	0.273202203917	0.29144910404	0.25937756545	0.359767692326	0.287946892026	0.241989077881	0.28982255842	0.322036945835	0.414187850177	0.274751432886	0.29612744463	0.247257272531	0.301972631096	0.316362688507	0.294463540894	0.404600039142	0.313039798309	0.337078165546	0.286941453767	0.275164613369	0.27450496642	0.238823685565	0.25608396245
MMS911	0.3185580825	0.32432862239	0.0	0.311601472508	0.409002184986	0.354002844943	0.222891500996	0.333447984938	0.263579388026	0.274998997374	0.286630599659	0.331547187228	0.34379250344	0.357900172646	0.360565909235	0.232177648841	0.299008715459	0.384212629926	0.311979862302	0.267346730261	0.335923697264	0.233522808144	0.316171957735	0.358638761301	0.336545761741	0.28266101719	0.290741244711	0.319792941626	0.304230350491	0.308607117236	0.335088459583	0.321053599525	0.290315266461	0.426048982392	0.406067242655	0.389041643877	0.336315921411	0.280579975313	0.316066052949	0.277906326617	0.34438542416	0.233022020791	0.329094454851	0.385395759849	0.353727072688	0.383511065599	0.342692480695	0.294798644046	0.264846033386	0.276869753865	0.30711027036	0.283671597452	0.306996078103	0.408071072625	0.324955210319	0.388928965149	0.319916611655	0.328660727635	0.306029254604	0.359707284076	0.333180774294
MMS920	0.283242548617	0.25796512002	0.311601472508	0.0	0.389177312252	0.272319018988	0.344288589058	0.237466179763	0.334778523805	0.280851854467	0.24770437209	0.304055954759	0.263410590739	0.277622065327	0.294487878745	0.363383953364	0.236458600397	0.261854402408	0.302322172307	0.321777864328	0.264135759537	0.324545037907	0.270498401911	0.314212404213	0.333972081232	0.326391210028	0.334586037869	0.3298228575	0.320020361572	0.31672395769	0.267298376509	0.266655537436	0.273493982398	0.373651715992	0.382022170023	0.381250655728	0.339034533783	0.348489601325	0.306711233359	0.278635291709	0.269274130517	0.347245138668	0.288601555677	0.307244622549	0.319422296917	0.306511488898	0.382182227589	0.241651935853	0.28702321812	0.23189595948	0.299518361588	0.301179418704	0.288384829115	0.411081630644	0.297810015231	0.360947144736	0.275821179296	0.278018959422	0.262767528048	0.284834396372	0.290723782598
MM933M	0.400205583279	0.374974248509	0.409002184986	0.389177312252	0.0	0.397000379992	0.405214058336	0.417015128582	0.402520568082	0.391910414059	0.380103567072	0.453630008505	0.393337034781	0.383535157579	0.418048723714	0.433694622325	0.356836817192	0.434788462233	0.330038905441	0.402795550368	0.394030432101	0.418365235443	0.37693830598	0.412808224822	0.386913963752	0.390984331736	0.443250310641	0.431764117918	0.401429898548	0.434382024082	0.391080337359	0.365923478205	0.385131808388	0.296675520749	0.333692557414	0.288186415596	0.43465954393	0.417833406563	0.330919003348	0.370386914854	0.344240692628	0.391826319852	0.39892939128	0.374587118479	0.324009575667	0.458437278531	0.433931325085	0.362089787654	0.365961494232	0.376187975739	0.347334216169	0.368123583098	0.360782737626	0.427660386906	0.417763681714	0.406055508195	0.408501695444	0.386915404054	0.38197803663	0.379673008879	0.393394114435
MMS922	0.277886964895	0.24517724391	0.354002844943	0.272319018988	0.397000379992	0.0	0.390733909568	0.235749521535	0.365601969356	0.314675934932	0.259339339089	0.33732975101	0.262673222559	0.253477998124	0.310853022648	0.400138197678	0.281155505329	0.271891122287	0.327152737608	0.343677493857	0.264753305045	0.350895042827	0.287550667505	0.268697872199	0.325992393382	0.349529462755	0.331220744005	0.312261922712	0.277605565654	0.304271637448	0.275180216527	0.252910958865	0.25908886337	0.420351536696	0.431833859523	0.411045324494	0.300521876935	0.376294644109	0.311620471193	0.328135137775	0.287228141257	0.375155687959	0.282591492161	0.26190528047	0.337524800021	0.277595940948	0.427058190326	0.294784692869	0.319397104332	0.258564168216	0.298721484591	0.337488490134	0.290537745852	0.417722540945	0.28579272412	0.312808397379	0.253749379187	0.270032993974	0.286233453321	0.300219047752	0.254965897646
MMS910	0.310126668917	0.352057421202	0.222891500996	0.344288589058	0.405214058336	0.390733909568	0.0	0.357947165795	0.292273106898	0.32962611755	0.313923186821	0.345438369848	0.378471995972	0.383426801323	0.405737501268	0.206861007868	0.299290023996	0.413709274175	0.293792128069	0.285630510471	0.358238359247	0.203153553784	0.332850088726	0.353131491604	0.367649417199	0.29933621014	0.289587045005	0.320460978151	0.336706543219	0.354186783841	0.343118516763	0.344286736326	0.334132889995	0.426304573669	0.410138412618	0.376718067388	0.331010666488	0.300228889839	0.315759048503	0.283164206237	0.356623146747	0.185165105682	0.374921592817	0.414778794511	0.36871020758	0.418776727545	0.386161859727	0.298399844487	0.24208266233	0.312478393565	0.307142933545	0.280833960395	0.305801000131	0.453547755737	0.351635281658	0.397098517325	0.355337286449	0.341051253501	0.320238728704	0.366664502472	0.372999135283
MMS923	0.311507409287	0.260077668075	0.333447984938	0.237466179763	0.417015128582	0.235749521535	0.357947165795	0.0	0.341626946642	0.314745672065	0.26534824831	0.306020566058	0.253164466926	0.26449464742	0.305147395086	0.387987509291	0.271222385273	0.272178315835	0.317986199543	0.345032066454	0.285952658983	0.348147963393	0.290537296843	0.2934601411	0.288445013826	0.323784611921	0.322706699535	0.321963284042	0.287771555939	0.320808212697	0.270534090331	0.254074628651	0.242853917805	0.408146322831	0.419178017939	0.394492971551	0.319054864699	0.354513405038	0.334100841512	0.31082103077	0.27217912143	0.371627278806	0.275301021407	0.297093365884	0.310160452379	0.307385896449	0.399249000839	0.298800626696	0.312481783961	0.261387794659	0.313585884809	0.330706370492	0.302967682828	0.399226370597	0.323333335839	0.357622586608	0.280512309919	0.283038753358	0.295819440608	0.29859169524	0.290083485119
MMS715	0.345327289429	0.36776461692	0.263579388026	0.334778523805	0.402520568082	0.365601969356	0.292273106898	0.341626946642	0.0	0.305338371392	0.319133873958	0.329198762098	0.369614488657	0.336834203656	0.378450141602	0.314446646447	0.32095499784	0.37195446613	0.323213960196	0.337655231023	0.360320165684	0.298083796825	0.339327175061	0.383923694974	0.345891235984	0.250436698447	0.261887700099	0.339241787842	0.325201195914	0.317017789165	0.355521507829	0.339891389806	0.337059118996	0.408523696698	0.425360049973	0.384190471779	0.343703958127	0.258839326024	0.306962291779	0.286841724294	0.360962420819	0.309501984765	0.364635109984	0.409624931821	0.353697548729	0.423415243202	0.325128194762	0.332147105131	0.286445172616	0.305603582069	0.310305916158	0.274021727709	0.323788429801	0.406786423081	0.34591888617	0.408182492153	0.3602276553	0.352491591815	0.337996954691	0.373835745687	0.373948006157
MMS714	0.326626699735	0.308791870009	0.274998997374	0.280851854467	0.391910414059	0.314675934932	0.32962611755	0.314745672065	0.305338371392	0.0	0.263064300783	0.36199331105	0.318900517946	0.321823123275	0.308435835418	0.346647675586	0.294290153623	0.348541065776	0.333645620023	0.322339278811	0.297481516931	0.34323366303	0.311630624487	0.347399251239	0.335077749046	0.315761167919	0.331805761216	0.346456126652	0.333638406683	0.302400341182	0.323018250315	0.305509205714	0.315624970819	0.400264526527	0.403532659018	0.369469955698	0.339746883942	0.330479350828	0.302771477237	0.250771798065	0.342237166444	0.335404698621	0.335442948601	0.362340186585	0.331914709982	0.317948266419	0.279406808926	0.280532087633	0.304908696617	0.25558612079	0.333432678563	0.303660673053	0.29830455253	0.41047279201	0.303522062376	0.390490107254	0.302564108283	0.306166010006	0.2932035559	0.340306559436	0.322153504419
MMS717	0.2226443083	0.240865181123	0.286630599659	0.24770437209	0.380103567072	0.259339339089	0.313923186821	0.26534824831	0.319133873958	0.263064300783	0.0	0.29165922007	0.26270247239	0.278245364814	0.290982471576	0.351018354408	0.202366420947	0.307379309996	0.252113740107	0.315252619111	0.198836152609	0.287404028643	0.211289575569	0.247489644281	0.28946324727	0.278789132199	0.27308112568	0.280635294482	0.243583771824	0.261324640576	0.225500171838	0.237100121194	0.249702855758	0.369202252488	0.398056316575	0.348090578615	0.303106490977	0.302164514167	0.286929898066	0.27226033326	0.286157259851	0.328407252441	0.261474794999	0.282432220231	0.293863688407	0.283552611871	0.393295423244	0.207237578559	0.243550133693	0.189699367524	0.233913949278	0.290011186377	0.216346889631	0.411093771421	0.282300368281	0.315592685918	0.230677084256	0.200632844971	0.214352965874	0.279140933519	0.24075562856
MMS716	0.310185599671	0.322857465651	0.331547187228	0.304055954759	0.453630008505	0.33732975101	0.345438369848	0.306020566058	0.329198762098	0.36199331105	0.29165922007	0.0	0.338466409426	0.336651516331	0.331503998437	0.375431257723	0.295132089221	0.319431994894	0.346032316397	0.36011392325	0.295394101171	0.33071824082	0.336071671935	0.30972831409	0.337954991526	0.313512759371	0.268204158337	0.289912668066	0.278486005743	0.232906276209	0.318082190242	0.316978955304	0.293928128956	0.466154031688	0.450755591477	0.444155447934	0.292226921667	0.277211210616	0.356118872842	0.332094569253	0.371579745979	0.36073550819	0.341121718343	0.36561917831	0.408859795217	0.318309743642	0.449034590286	0.321758621081	0.298954079676	0.272718328304	0.324335189144	0.337278748311	0.314159010389	0.464990070531	0.321020216003	0.356994006246	0.291410135663	0.287383985621	0.315217381634	0.375945647165	0.32301066472
MMS711	0.308615992822	0.234795885884	0.34379250344	0.263410590739	0.393337034781	0.262673222559	0.378471995972	0.253164466926	0.369614488657	0.318900517946	0.26270247239	0.338466409426	0.0	0.250429197661	0.25224487716	0.389246750015	0.307015340706	0.301456864866	0.334306151985	0.35508918521	0.30430085466	0.349745793529	0.276958985864	0.300196309456	0.296840382882	0.359078930442	0.346319903618	0.319831631897	0.312362518971	0.319819626035	0.26233983798	0.259582944775	0.27013832788	0.395744884617	0.401528338423	0.381321825406	0.322916402104	0.360961444276	0.292357438533	0.295680136361	0.229772695031	0.375732188503	0.309278186238	0.232664878928	0.300745813775	0.311559034337	0.423089757065	0.300982870263	0.321004984992	0.256509027918	0.332193593203	0.331842389135	0.323340847746	0.391731547086	0.2770031405	0.321503538182	0.278086904047	0.301089952791	0.301597459635	0.23069038368	0.246334621046
MMS710	0.316535254811	0.295126022227	0.357900172646	0.277622065327	0.383535157579	0.253477998124	0.383426801323	0.26449464742	0.336834203656	0.321823123275	0.278245364814	0.336651516331	0.250429197661	0.0	0.281067316118	0.412664340774	0.299032318015	0.295930635206	0.324727787996	0.33825797565	0.291982103958	0.365760978199	0.312664511083	0.306220335299	0.318438804727	0.317006209696	0.331735037642	0.3260284737	0.297087417927	0.302167503511	0.300942090983	0.26453850557	0.257538919754	0.36340157279	0.411877588194	0.393640661826	0.330789657168	0.350174638287	0.296445851804	0.303702221369	0.268087694095	0.388011267195	0.302047460327	0.264894710171	0.317568589678	0.339540143528	0.430136708524	0.297784627011	0.313721745049	0.281511331389	0.317179727008	0.327018636218	0.309254056944	0.40792227006	0.292938920494	0.346707101895	0.309963386704	0.302789249165	0.307305400222	0.285354017239	0.275728856985
MMS713	0.343390902434	0.286577807736	0.360565909235	0.294487878745	0.418048723714	0.310853022648	0.405737501268	0.305147395086	0.378450141602	0.308435835418	0.290982471576	0.331503998437	0.25224487716	0.281067316118	0.0	0.398968784489	0.324452446949	0.29934344844	0.353396176156	0.366636970465	0.296602266537	0.36319530438	0.311490580975	0.321283310022	0.3146869147	0.346180943364	0.341262852047	0.307959935913	0.344028582411	0.304001495454	0.330975161842	0.278858737673	0.30962041096	0.42560032528	0.414791979314	0.40684914882	0.338774640201	0.367924394093	0.315949756702	0.341351149477	0.283841457613	0.418163077449	0.342367141049	0.275534667934	0.31442243152	0.350450123142	0.402255816493	0.324804721848	0.340042499897	0.291452643597	0.344150595464	0.359515214327	0.310859333249	0.431242693922	0.254795428533	0.349551438851	0.288360090756	0.313606046141	0.313153522686	0.292774816576	0.266866705118
MMS712	0.343163777631	0.381536838874	0.232177648841	0.363383953364	0.433694622325	0.400138197678	0.206861007868	0.387987509291	0.314446646447	0.346647675586	0.351018354408	0.375431257723	0.389246750015	0.412664340774	0.398968784489	0.0	0.338598438456	0.427416384106	0.342116982191	0.24065317553	0.388467740511	0.239903492702	0.353620814917	0.356686093414	0.386911928715	0.328444945084	0.315494058222	0.344964808048	0.350959078158	0.372809388586	0.368134471273	0.347452643341	0.353679059293	0.444379989181	0.445557156509	0.424820579185	0.333135347844	0.297311655945	0.350136699864	0.332908340283	0.395292175993	0.228050162522	0.401672813299	0.426440904936	0.391485948134	0.437378556646	0.418733545699	0.341445588615	0.304217156142	0.338995959892	0.340388926535	0.323667207684	0.346346930577	0.485426877174	0.321484523837	0.417104258793	0.369843862095	0.366986155315	0.332704175444	0.405719061517	0.377273908681
MMS944	0.199028478327	0.283416462328	0.299008715459	0.236458600397	0.356836817192	0.281155505329	0.299290023996	0.271222385273	0.32095499784	0.294290153623	0.202366420947	0.295132089221	0.307015340706	0.299032318015	0.324452446949	0.338598438456	0.0	0.318429325858	0.238487880124	0.297253074775	0.226877874095	0.2782800566	0.224522669077	0.246902266742	0.300824440018	0.266168013944	0.299281219431	0.282928287744	0.253275433627	0.296689265312	0.237940189035	0.243511755579	0.25274045588	0.354221889952	0.387651912949	0.349611272449	0.309087706322	0.299364302341	0.257823033703	0.260518430951	0.276004668604	0.301315173819	0.285511811706	0.30148125081	0.291055839721	0.318091134637	0.40365057768	0.185986682746	0.211396782905	0.216104488094	0.219201490053	0.288912087537	0.204280206888	0.449266374591	0.295994682833	0.314018078019	0.257724762856	0.210684096519	0.210848534464	0.273322234981	0.273254374706
MMS921	0.361162757339	0.295928733286	0.384212629926	0.261854402408	0.434788462233	0.271891122287	0.413709274175	0.272178315835	0.37195446613	0.348541065776	0.307379309996	0.319431994894	0.301456864866	0.295930635206	0.29934344844	0.427416384106	0.318429325858	0.0	0.373040333962	0.374773630663	0.332779120396	0.391812745182	0.346904864921	0.36703538044	0.372609444049	0.366270989297	0.372518304363	0.36049862325	0.344173327139	0.317337493103	0.34798349173	0.316793523358	0.320031355059	0.425843048635	0.464549463159	0.431844558238	0.365216512162	0.39705312252	0.341444664187	0.364520010897	0.31536999232	0.408038359903	0.359044723902	0.307613829275	0.36970246949	0.320524799464	0.446747102201	0.309445947681	0.362438300317	0.318433446655	0.371730377295	0.391310023164	0.349512993988	0.474241211742	0.316663702549	0.378096910619	0.313716313834	0.346396989829	0.324874885715	0.326393669387	0.314408519208
MMS942	0.259161302957	0.301669948544	0.311979862302	0.302322172307	0.330038905441	0.327152737608	0.293792128069	0.317986199543	0.323213960196	0.333645620023	0.252113740107	0.346032316397	0.334306151985	0.324727787996	0.353396176156	0.342116982191	0.238487880124	0.373040333962	0.0	0.319113546738	0.290951528572	0.298215029399	0.264165935568	0.294008883768	0.301898379182	0.282778746909	0.313706330252	0.318003021857	0.29831106425	0.337040821625	0.285023592824	0.284224001566	0.295779253339	0.368122522975	0.396129021835	0.356217568889	0.326908737496	0.329044601665	0.257442238128	0.281016050981	0.28535210201	0.277772214943	0.311328782115	0.333214732835	0.292443723947	0.38512399703	0.413106962632	0.234273504925	0.231793248944	0.263173532129	0.246326225318	0.271428930751	0.220202540541	0.45693407071	0.3233939137	0.3428121357	0.311877622505	0.267970892031	0.263494807877	0.281550293738	0.295677880151
MMS943	0.3206596696	0.328159831971	0.267346730261	0.321777864328	0.402795550368	0.343677493857	0.285630510471	0.345032066454	0.337655231023	0.322339278811	0.315252619111	0.36011392325	0.35508918521	0.33825797565	0.366636970465	0.24065317553	0.297253074775	0.374773630663	0.319113546738	0.0	0.335223309464	0.292252774963	0.314454146849	0.31416454966	0.350241685106	0.327289568881	0.328451279067	0.320374651276	0.328116284073	0.326261774923	0.321134488822	0.330849496831	0.325664618226	0.382528488206	0.433152329603	0.420429391839	0.305531114112	0.327395631131	0.314397496697	0.322543448557	0.347990004977	0.291805943509	0.361513102241	0.365436088987	0.356481940612	0.408528601989	0.421430557318	0.297421735491	0.280019458809	0.294521397971	0.303736424588	0.33343271608	0.303566675591	0.475413126484	0.340036251914	0.393954945872	0.318885618782	0.312493302884	0.312355354297	0.357170567751	0.34960966585
MMS908	0.233564767738	0.277028786726	0.335923697264	0.264135759537	0.394030432101	0.264753305045	0.358238359247	0.285952658983	0.360320165684	0.297481516931	0.198836152609	0.295394101171	0.30430085466	0.291982103958	0.296602266537	0.388467740511	0.226877874095	0.332779120396	0.290951528572	0.335223309464	0.0	0.335944566803	0.23787310232	0.243944164612	0.298650908213	0.317485666326	0.273151030931	0.281443777437	0.243399604574	0.259155750948	0.240008542772	0.247685014557	0.260563267896	0.400337861308	0.42006963986	0.366750584657	0.295540565939	0.326050251132	0.315505516418	0.301131516495	0.335416251836	0.375645587551	0.297030478825	0.305722276523	0.311491654635	0.273346976449	0.41781676182	0.244342061738	0.271999901793	0.235097037484	0.271503380672	0.324100852799	0.231835662539	0.440376579444	0.295702669238	0.330146625712	0.227877026851	0.19881928459	0.239884654083	0.344301592137	0.265384267948
MMS909	0.272932273561	0.328729977494	0.233522808144	0.324545037907	0.418365235443	0.350895042827	0.203153553784	0.348147963393	0.298083796825	0.34323366303	0.287404028643	0.33071824082	0.349745793529	0.365760978199	0.36319530438	0.239903492702	0.2782800566	0.391812745182	0.298215029399	0.292252774963	0.335944566803	0.0	0.305449378336	0.312969647529	0.315639618785	0.294947157746	0.301202446016	0.282253963422	0.294219106879	0.312620641949	0.313451232744	0.322959516324	0.296497024273	0.421443266073	0.417139900458	0.396148558708	0.301844823895	0.270319700739	0.307506696369	0.307131295814	0.340878666374	0.198891166824	0.332100889119	0.375062660147	0.365868660111	0.403643448562	0.417895140124	0.27628964876	0.242032149751	0.296018938056	0.277503918325	0.288095244592	0.287897595593	0.446341261438	0.338019875666	0.368652147646	0.320030498677	0.300233550237	0.295426054418	0.35197932824	0.318995681895
MMS928	0.24059076799	0.247646226653	0.316171957735	0.270498401911	0.37693830598	0.287550667505	0.332850088726	0.290537296843	0.339327175061	0.311630624487	0.211289575569	0.336071671935	0.276958985864	0.312664511083	0.311490580975	0.353620814917	0.224522669077	0.346904864921	0.264165935568	0.314454146849	0.23787310232	0.305449378336	0.0	0.237355809919	0.303525246153	0.294183126871	0.323216703454	0.31018115899	0.280654228285	0.298566886547	0.232586707641	0.229448896581	0.249826414502	0.39173072005	0.384959754691	0.359396905939	0.319572778354	0.321840333549	0.244802921409	0.27870461712	0.300478725239	0.339287491457	0.288412906843	0.299410098475	0.282772456478	0.307705985967	0.390571339606	0.231743396697	0.245066495042	0.233875629114	0.249629662057	0.288966264458	0.219672283449	0.416521484663	0.318558296532	0.321400820123	0.283675652965	0.214521251229	0.232877675696	0.284538553046	0.25145520376
MMS929	0.210500950863	0.277594909607	0.358638761301	0.314212404213	0.412808224822	0.268697872199	0.353131491604	0.2934601411	0.383923694974	0.347399251239	0.247489644281	0.30972831409	0.300196309456	0.306220335299	0.321283310022	0.356686093414	0.246902266742	0.36703538044	0.294008883768	0.31416454966	0.243944164612	0.312969647529	0.237355809919	0.0	0.311383801578	0.326233121431	0.282432962372	0.251854944398	0.248619092956	0.285550147368	0.255192499018	0.244860928369	0.259703294765	0.41718665105	0.42227113483	0.384282134543	0.261309584429	0.333996914503	0.322241781141	0.322950190951	0.342150970137	0.367320996248	0.297479778518	0.29199295391	0.334994638738	0.29031065357	0.469602870217	0.265036645197	0.286486764057	0.264748432135	0.26699528302	0.318149680834	0.249493616784	0.457390078469	0.304630928526	0.283474617133	0.234601816843	0.207196882135	0.279032005242	0.329168458155	0.244428451471
MMS900	0.318312633206	0.27702332665	0.336545761741	0.333972081232	0.386913963752	0.325992393382	0.367649417199	0.288445013826	0.345891235984	0.335077749046	0.28946324727	0.337954991526	0.296840382882	0.318438804727	0.3146869147	0.386911928715	0.300824440018	0.372609444049	0.301898379182	0.350241685106	0.298650908213	0.315639618785	0.303525246153	0.311383801578	0.0	0.313298277027	0.337382274014	0.297310631047	0.27526301769	0.30488788312	0.29474966107	0.283490089598	0.263705725097	0.437284685634	0.445109295056	0.391807443084	0.290716005617	0.307954904501	0.295030421487	0.313789307983	0.294440544704	0.361282317387	0.278203662626	0.299226967812	0.264775313963	0.374035373673	0.425726910641	0.308468936321	0.30525769891	0.299360716592	0.300925342414	0.306561961065	0.299379788791	0.387147284261	0.345239733147	0.381063679255	0.304313461677	0.318865455859	0.292790062617	0.314785939758	0.295762231718
MMS901	0.315167278265	0.320666228096	0.28266101719	0.326391210028	0.390984331736	0.349529462755	0.29933621014	0.323784611921	0.250436698447	0.315761167919	0.278789132199	0.313512759371	0.359078930442	0.317006209696	0.346180943364	0.328444945084	0.266168013944	0.366270989297	0.282778746909	0.327289568881	0.317485666326	0.294947157746	0.294183126871	0.326233121431	0.313298277027	0.0	0.279034712217	0.29548558945	0.299058524408	0.304415177211	0.311545075919	0.30223775903	0.293182042319	0.40151977295	0.423001104309	0.372881783106	0.312212623814	0.222460603696	0.277868986113	0.288575245863	0.331062598469	0.303057947073	0.32746922692	0.363647829786	0.312991820156	0.404708874969	0.352246941138	0.278675835286	0.252495134115	0.292524535301	0.292689311192	0.276913268166	0.291185916116	0.434435756108	0.324360049097	0.38726707177	0.343828342197	0.316608098097	0.304231370054	0.331399596859	0.332334435904
MMS902	0.289482693519	0.351516715893	0.290741244711	0.334586037869	0.443250310641	0.331220744005	0.289587045005	0.322706699535	0.261887700099	0.331805761216	0.27308112568	0.268204158337	0.346319903618	0.331735037642	0.341262852047	0.315494058222	0.299281219431	0.372518304363	0.313706330252	0.328451279067	0.273151030931	0.301202446016	0.323216703454	0.282432962372	0.337382274014	0.279034712217	0.0	0.259874890747	0.256601836466	0.264855895276	0.319349269465	0.316253087499	0.30611736702	0.462379844963	0.475762822374	0.418797323807	0.279025282941	0.269348717542	0.34824321325	0.327213204773	0.384243255801	0.337214890949	0.353739560759	0.377456239728	0.398171615027	0.353121845548	0.41498149628	0.297492509846	0.274285584457	0.269992138031	0.290066778545	0.3011732606	0.285835703028	0.475343231056	0.302624566551	0.337660739662	0.278006512887	0.267252330235	0.295689988182	0.399484362227	0.328428403192
MMS903	0.275070558681	0.310446511714	0.319792941626	0.3298228575	0.431764117918	0.312261922712	0.320460978151	0.321963284042	0.339241787842	0.346456126652	0.280635294482	0.289912668066	0.319831631897	0.3260284737	0.307959935913	0.344964808048	0.282928287744	0.36049862325	0.318003021857	0.320374651276	0.281443777437	0.282253963422	0.31018115899	0.251854944398	0.297310631047	0.29548558945	0.259874890747	0.0	0.217867292418	0.239584322031	0.305492566232	0.285839708463	0.27388741651	0.444998908475	0.447020023143	0.413160709592	0.253173169913	0.284509756334	0.32347045173	0.316409985495	0.3560485212	0.332861174357	0.324071554906	0.315619273129	0.368049750348	0.335576231019	0.450521053801	0.290069491787	0.278275252838	0.283009978284	0.273922422611	0.315926108824	0.271840523492	0.449640233202	0.292869220892	0.283261343697	0.230550026577	0.274522999206	0.275873247472	0.345314817674	0.272565083936
MMS904	0.255177118054	0.278310205132	0.304230350491	0.320020361572	0.401429898548	0.277605565654	0.336706543219	0.287771555939	0.325201195914	0.333638406683	0.243583771824	0.278486005743	0.312362518971	0.297087417927	0.344028582411	0.350959078158	0.253275433627	0.344173327139	0.29831106425	0.328116284073	0.243399604574	0.294219106879	0.280654228285	0.248619092956	0.27526301769	0.299058524408	0.256601836466	0.217867292418	0.0	0.232183765104	0.278923120735	0.259228783439	0.239402910765	0.428012831959	0.43880283636	0.382425557923	0.260118708763	0.280890123094	0.308586062015	0.312958190907	0.343664971977	0.342568554674	0.300627200907	0.317620565009	0.35312932887	0.329177354563	0.432476862397	0.273066596451	0.271559390877	0.250417080543	0.248492053645	0.302160229217	0.264886592132	0.440954995525	0.294504844048	0.280169521696	0.239359399125	0.244284682392	0.25144246132	0.348681780521	0.272445078118
MMS905	0.301548539685	0.306227604395	0.308607117236	0.31672395769	0.434382024082	0.304271637448	0.354186783841	0.320808212697	0.317017789165	0.302400341182	0.261324640576	0.232906276209	0.319819626035	0.302167503511	0.304001495454	0.372809388586	0.296689265312	0.317337493103	0.337040821625	0.326261774923	0.259155750948	0.312620641949	0.298566886547	0.285550147368	0.30488788312	0.304415177211	0.264855895276	0.239584322031	0.232183765104	0.0	0.302793259333	0.273233104301	0.25661491362	0.443560177646	0.435381786111	0.408811533859	0.251570959758	0.285342208133	0.328156094415	0.317626042332	0.352532638492	0.357565462764	0.314962379451	0.337429499276	0.349462510548	0.299889706545	0.417132881605	0.28420049735	0.280978104598	0.265163994279	0.300650610029	0.317696174677	0.294380650405	0.43933802735	0.305027388267	0.329197443659	0.240531100361	0.259754533883	0.279382011115	0.370286189428	0.268778284356
MMS906	0.257859175097	0.272419344166	0.335088459583	0.267298376509	0.391080337359	0.275180216527	0.343118516763	0.270534090331	0.355521507829	0.323018250315	0.225500171838	0.318082190242	0.26233983798	0.300942090983	0.330975161842	0.368134471273	0.237940189035	0.34798349173	0.285023592824	0.321134488822	0.240008542772	0.313451232744	0.232586707641	0.255192499018	0.29474966107	0.311545075919	0.319349269465	0.305492566232	0.278923120735	0.302793259333	0.0	0.235234456714	0.24569681902	0.404627806914	0.401529045147	0.380245383551	0.28903640206	0.328400619981	0.291522922402	0.298324969485	0.285146895467	0.359734072243	0.263411158906	0.286682350629	0.270395755288	0.313176194535	0.451294223788	0.255191684814	0.265644293848	0.251580442244	0.283627622544	0.318077509378	0.254045268362	0.409707060658	0.329109738414	0.339712654483	0.287313734945	0.240224305273	0.26380005253	0.276949072688	0.257162826941
MMS907	0.249306643691	0.238679012823	0.321053599525	0.266655537436	0.365923478205	0.252910958865	0.344286736326	0.254074628651	0.339891389806	0.305509205714	0.237100121194	0.316978955304	0.259582944775	0.26453850557	0.278858737673	0.347452643341	0.243511755579	0.316793523358	0.284224001566	0.330849496831	0.247685014557	0.322959516324	0.229448896581	0.244860928369	0.283490089598	0.30223775903	0.316253087499	0.285839708463	0.259228783439	0.273233104301	0.235234456714	0.0	0.230540852298	0.382671300293	0.39158362102	0.388552484207	0.301558845135	0.30756576336	0.280950466953	0.313710245252	0.267834920828	0.353322515978	0.260592254058	0.255633265193	0.265934580795	0.317222345027	0.443876002543	0.254026285062	0.275045164871	0.220548114665	0.271775880074	0.28686375999	0.26349659006	0.41176145976	0.287513666758	0.318623177409	0.240992232653	0.227530180557	0.23850751351	0.285032796471	0.251935113018
MMS919	0.28059841783	0.256253463604	0.290315266461	0.273493982398	0.385131808388	0.25908886337	0.334132889995	0.242853917805	0.337059118996	0.315624970819	0.249702855758	0.293928128956	0.27013832788	0.257538919754	0.30962041096	0.353679059293	0.25274045588	0.320031355059	0.295779253339	0.325664618226	0.260563267896	0.296497024273	0.249826414502	0.259703294765	0.263705725097	0.293182042319	0.30611736702	0.27388741651	0.239402910765	0.25661491362	0.24569681902	0.230540852298	0.0	0.401450674188	0.382978711621	0.362480199426	0.293042764354	0.318824645488	0.282845298898	0.27152178503	0.284919654683	0.337509109135	0.215551426623	0.275275035116	0.292000116228	0.280864433636	0.404368696232	0.272432034234	0.252496811831	0.245332386791	0.28587512943	0.279861705	0.279180461738	0.339328124229	0.28959876571	0.326587953528	0.26477363	0.261181744504	0.262549211594	0.293221561307	0.241557917708
MM943M	0.412410272671	0.411667021746	0.426048982392	0.373651715992	0.296675520749	0.420351536696	0.426304573669	0.408146322831	0.408523696698	0.400264526527	0.369202252488	0.466154031688	0.395744884617	0.36340157279	0.42560032528	0.444379989181	0.354221889952	0.425843048635	0.368122522975	0.382528488206	0.400337861308	0.421443266073	0.39173072005	0.41718665105	0.437284685634	0.40151977295	0.462379844963	0.444998908475	0.428012831959	0.443560177646	0.404627806914	0.382671300293	0.401450674188	0.0	0.319768132921	0.253512589997	0.449984343683	0.418240706435	0.350908314448	0.369958608162	0.339860529858	0.404132825229	0.392602822948	0.390937074761	0.324085401284	0.450070415471	0.406158642521	0.354333595637	0.39423853513	0.393302426273	0.379711946197	0.401413031227	0.389555334047	0.424316425077	0.442432010706	0.444142322602	0.411072812384	0.403819380926	0.387570948164	0.367489076982	0.39609045368
MM941M	0.418934182733	0.419169237549	0.406067242655	0.382022170023	0.333692557414	0.431833859523	0.410138412618	0.419178017939	0.425360049973	0.403532659018	0.398056316575	0.450755591477	0.401528338423	0.411877588194	0.414791979314	0.445557156509	0.387651912949	0.464549463159	0.396129021835	0.433152329603	0.42006963986	0.417139900458	0.384959754691	0.42227113483	0.445109295056	0.423001104309	0.475762822374	0.447020023143	0.43880283636	0.435381786111	0.401529045147	0.39158362102	0.382978711621	0.319768132921	0.0	0.27572364625	0.463301193902	0.432151109574	0.375782376467	0.3713589558	0.354310699571	0.399704661372	0.38340103572	0.425535741458	0.355022785676	0.466027937319	0.386141904514	0.383668052381	0.387737469001	0.393521120748	0.382809787984	0.407124828891	0.39802892279	0.375340195019	0.435367860689	0.416564281526	0.400853190877	0.418469567079	0.407487857212	0.403935948208	0.402937273454
MM936M	0.375096178602	0.389589367824	0.389041643877	0.381250655728	0.288186415596	0.411045324494	0.376718067388	0.394492971551	0.384190471779	0.369469955698	0.348090578615	0.444155447934	0.381321825406	0.393640661826	0.40684914882	0.424820579185	0.349611272449	0.431844558238	0.356217568889	0.420429391839	0.366750584657	0.396148558708	0.359396905939	0.384282134543	0.391807443084	0.372881783106	0.418797323807	0.413160709592	0.382425557923	0.408811533859	0.380245383551	0.388552484207	0.362480199426	0.253512589997	0.27572364625	0.0	0.43017235207	0.391027285193	0.317831972574	0.341177096487	0.357898621092	0.381715949926	0.36688260001	0.393315956334	0.304694209054	0.392785444629	0.347071418142	0.33039751819	0.362075802567	0.374305969036	0.357492043257	0.378311954993	0.364084479346	0.39662444736	0.395388929009	0.409001998619	0.369366878566	0.37640680638	0.380751104045	0.390397445125	0.363976183661
MMS706	0.294483536825	0.319279231225	0.336315921411	0.339034533783	0.43465954393	0.300521876935	0.331010666488	0.319054864699	0.343703958127	0.339746883942	0.303106490977	0.292226921667	0.322916402104	0.330789657168	0.338774640201	0.333135347844	0.309087706322	0.365216512162	0.326908737496	0.305531114112	0.295540565939	0.301844823895	0.319572778354	0.261309584429	0.290716005617	0.312212623814	0.279025282941	0.253173169913	0.260118708763	0.251570959758	0.28903640206	0.301558845135	0.293042764354	0.449984343683	0.463301193902	0.43017235207	0.0	0.280959290636	0.327760872828	0.335303782399	0.347175802597	0.328102862243	0.330728720274	0.34752706429	0.350188405507	0.347196406946	0.442959608894	0.306504655994	0.314458676824	0.291779337351	0.29176085462	0.327195550653	0.286469313507	0.461083754288	0.31570418946	0.345459452378	0.274182167974	0.281427458298	0.309420697225	0.3590633969	0.296059124498
MMS707	0.331501510132	0.346126744559	0.280579975313	0.348489601325	0.417833406563	0.376294644109	0.300228889839	0.354513405038	0.258839326024	0.330479350828	0.302164514167	0.277211210616	0.360961444276	0.350174638287	0.367924394093	0.297311655945	0.299364302341	0.39705312252	0.329044601665	0.327395631131	0.326050251132	0.270319700739	0.321840333549	0.333996914503	0.307954904501	0.222460603696	0.269348717542	0.284509756334	0.280890123094	0.285342208133	0.328400619981	0.30756576336	0.318824645488	0.418240706435	0.432151109574	0.391027285193	0.280959290636	0.0	0.304886579086	0.30824201655	0.35923038391	0.304889773752	0.342405114861	0.374341312681	0.343837568904	0.396844756196	0.400544100919	0.305939147126	0.27782084495	0.281371629149	0.311856829846	0.30487548887	0.317656804749	0.440083138163	0.350663255078	0.398453669318	0.323932865868	0.326475554402	0.302323808642	0.372770430236	0.340026077465
MMS704	0.305050945627	0.273202203917	0.316066052949	0.306711233359	0.330919003348	0.311620471193	0.315759048503	0.334100841512	0.306962291779	0.302771477237	0.286929898066	0.356118872842	0.292357438533	0.296445851804	0.315949756702	0.350136699864	0.257823033703	0.341444664187	0.257442238128	0.314397496697	0.315505516418	0.307506696369	0.244802921409	0.322241781141	0.295030421487	0.277868986113	0.34824321325	0.32347045173	0.308586062015	0.328156094415	0.291522922402	0.280950466953	0.282845298898	0.350908314448	0.375782376467	0.317831972574	0.327760872828	0.304886579086	0.0	0.244460125284	0.258909392803	0.30049549124	0.301916154531	0.302209176016	0.235940426539	0.360497252935	0.34357642484	0.265697667817	0.266848232395	0.285424508192	0.282153060612	0.292250218702	0.262565627511	0.402790909101	0.324266659126	0.348148681461	0.330816097814	0.305125430203	0.288440322265	0.260470774982	0.271863779677
MMS705	0.306128749982	0.29144910404	0.277906326617	0.278635291709	0.370386914854	0.328135137775	0.283164206237	0.31082103077	0.286841724294	0.250771798065	0.27226033326	0.332094569253	0.295680136361	0.303702221369	0.341351149477	0.332908340283	0.260518430951	0.364520010897	0.281016050981	0.322543448557	0.301131516495	0.307131295814	0.27870461712	0.322950190951	0.313789307983	0.288575245863	0.327213204773	0.316409985495	0.312958190907	0.317626042332	0.298324969485	0.313710245252	0.27152178503	0.369958608162	0.3713589558	0.341177096487	0.335303782399	0.30824201655	0.244460125284	0.0	0.308258666113	0.299954664919	0.305101140235	0.344832870332	0.289748993582	0.335989375271	0.333659031979	0.266287597013	0.250101354008	0.2415670045	0.294580958054	0.231903965192	0.268370859456	0.358593093431	0.285490544074	0.361811342123	0.30672742826	0.296035204245	0.276958133275	0.300721656385	0.300200054212
MMS702	0.318837175706	0.25937756545	0.34438542416	0.269274130517	0.344240692628	0.287228141257	0.356623146747	0.27217912143	0.360962420819	0.342237166444	0.286157259851	0.371579745979	0.229772695031	0.268087694095	0.283841457613	0.395292175993	0.276004668604	0.31536999232	0.28535210201	0.347990004977	0.335416251836	0.340878666374	0.300478725239	0.342150970137	0.294440544704	0.331062598469	0.384243255801	0.3560485212	0.343664971977	0.352532638492	0.285146895467	0.267834920828	0.284919654683	0.339860529858	0.354310699571	0.357898621092	0.347175802597	0.35923038391	0.258909392803	0.308258666113	0.0	0.329444179795	0.279706247885	0.237621480856	0.240267826705	0.376007228292	0.411761314019	0.27210064475	0.290076724452	0.298234221157	0.314831876125	0.335632471321	0.309491893653	0.386970163462	0.336075878507	0.36326523565	0.347253621247	0.328102884482	0.303291540888	0.180895575936	0.290361404256
MMS703	0.328297971999	0.359767692326	0.233022020791	0.347245138668	0.391826319852	0.375155687959	0.185165105682	0.371627278806	0.309501984765	0.335404698621	0.328407252441	0.36073550819	0.375732188503	0.388011267195	0.418163077449	0.228050162522	0.301315173819	0.408038359903	0.277772214943	0.291805943509	0.375645587551	0.198891166824	0.339287491457	0.367320996248	0.361282317387	0.303057947073	0.337214890949	0.332861174357	0.342568554674	0.357565462764	0.359734072243	0.353322515978	0.337509109135	0.404132825229	0.399704661372	0.381715949926	0.328102862243	0.304889773752	0.30049549124	0.299954664919	0.329444179795	0.0	0.362443193616	0.4031467042	0.336615737032	0.426095593778	0.37191863094	0.302952437327	0.251750264323	0.32892561592	0.312522156899	0.303767998301	0.327183661202	0.44525668065	0.366341825443	0.404145978507	0.360910837678	0.364292329874	0.328299855686	0.343005774508	0.361649375408
MMS700	0.300894504454	0.287946892026	0.329094454851	0.288601555677	0.39892939128	0.282591492161	0.374921592817	0.275301021407	0.364635109984	0.335442948601	0.261474794999	0.341121718343	0.309278186238	0.302047460327	0.342367141049	0.401672813299	0.285511811706	0.359044723902	0.311328782115	0.361513102241	0.297030478825	0.332100889119	0.288412906843	0.297479778518	0.278203662626	0.32746922692	0.353739560759	0.324071554906	0.300627200907	0.314962379451	0.263411158906	0.260592254058	0.215551426623	0.392602822948	0.38340103572	0.36688260001	0.330728720274	0.342405114861	0.301916154531	0.305101140235	0.279706247885	0.362443193616	0.0	0.307355270045	0.30019885782	0.291634830201	0.414128507056	0.298003360786	0.312166481393	0.266192037578	0.290511401622	0.291606121212	0.29837224168	0.302682839164	0.332976328797	0.364040168429	0.299512827291	0.307523450705	0.287219074278	0.292929161312	0.272923469677
